FileIndex	FileNameLog	FileNameSAM	StartValueIndex	FunctionValue	ElapsedTime	ExitFlag	BestX_ 1	BestX_ 2	BestX_ 3	BestX_ 4	BestX_ 5	BestX_ 6	BestX_ 7	BestX_ 8	BestX_ 9	BestX_10	BestX_11	BestX_12	BestX_13	StartX_ 1	StartX_ 2	StartX_ 3	StartX_ 4	StartX_ 5	StartX_ 6	StartX_ 7	StartX_ 8	StartX_ 9	StartX_10	StartX_11	StartX_12	StartX_13
9	finalLog_goTrials_model002_startVal009_started2017-04-20-T024929	SAM_goTrials_model002_startVal009_exit1_started2017-04-20-T024929	9	1157.81126940599	00:24:57.50	1	7.94675883639129e-05	36.9395017402206	81.6487893492173	0.191414970355408	0.123863334028348	0.0301002598038183	20.0650265070607	0	1	-8.22054659854205e-05	0	0	-0.319089954387984	5.76993089484136	13.2568440308039	78.1380428621867	0.202822900119165	0.132769619509152	0.0309137326842336	53.9651504216549	0	1	-0.000311394099030971	0	0	-0.194035070514539
18	finalLog_goTrials_model002_startVal018_started2017-04-20-T030335	SAM_goTrials_model002_startVal018_exit1_started2017-04-20-T030335	18	1158.46514588905	00:38:20.87	1	0.127933153763569	35.2512779227942	72.2633731038586	0.20215972356077	0.14673704716691	0.0181123620433364	76.3760599751564	0	1	-2.04361075250084e-06	0	0	-0.445325682543482	1.39205053228078	40.4889595511184	54.3831976949375	0.236143322264602	0.15782084686589	0.0357016834020611	59.8494628154528	0	1	-0.000628970757487475	0	0	-0.820203573100093
6	finalLog_goTrials_model002_startVal006_started2017-04-20-T024837	SAM_goTrials_model002_startVal006_exit1_started2017-04-20-T024837	6	1164.2733178471	00:36:44.10	1	0.0152656941302051	37.3862117904667	73.4953509258526	0.184759868845412	0.129964728256446	0.0185126914554035	54.0171035345823	0	1	-0.000110795640979752	0	0	-0.340096491533534	1.41527601747571	7.93292741417531	71.769383079086	0.21364007995596	0.0674310551695677	0.0527818239132462	99.3682840392263	0	1	-0.000452559023401041	0	0	-0.329723648452975
15	finalLog_goTrials_model002_startVal015_started2017-04-20-T030301	SAM_goTrials_model002_startVal015_exit1_started2017-04-20-T030301	15	1178.71421596308	00:27:03.53	1	0.0659817194570825	40.5817556723515	84.2620401130887	0.178218080874508	0.0785712473604993	0.0432590656330275	117.923421498511	0	1	-3.96620087371544e-06	0	0	-0.0576019949419133	22.4297837743393	32.8927243603358	86.4672546383037	0.216105706019157	0.021677944208317	0.0571909005539911	167.654139501093	0	1	-7.02544445535551e-05	0	0	-0.101244891435691
14	finalLog_goTrials_model002_startVal014_started2017-04-20-T025702	SAM_goTrials_model002_startVal014_exit1_started2017-04-20-T025702	14	1197.39902286272	00:25:28.59	1	0.190145205883135	33.4678163620248	77.4033715845474	0.14224132517989	0.0776391413008244	0.000664388296310285	2.17968776583894	0	1	-3.05082023785291e-05	0	0	-0.054297208617372	14.3690973299433	18.6696857467504	65.6419769779508	0.141662162507115	0.0271311441639815	0.0513354310167125	1.01200002017454	0	1	-0.000220245445849142	0	0	-0.251236593943665
5	finalLog_goTrials_model002_startVal005_started2017-04-20-T024735	SAM_goTrials_model002_startVal005_exit1_started2017-04-20-T024735	5	1222.72991190087	00:36:29.91	1	0.0450680285151078	40.9750639184772	66.92624891537	0.167726022437784	0.0969368679937667	0.016514524736687	154.35676594203	0	1	-0.000737637084839077	0	0	-0.0587855237523582	18.8769274751771	22.4912182941355	60.7415791144935	0.18248187803917	0.0637533175858889	0.0510134389337474	132.278926109021	0	1	-0.00128341450659102	0	0	-0.167688543857719
20	finalLog_goTrials_model002_startVal020_started2017-04-20-T030336	SAM_goTrials_model002_startVal020_exit1_started2017-04-20-T030336	20	1229.78634556968	00:37:19.72	1	0.022121096359265	32.6279378345615	70.4783901657019	0.197591445354314	0.1291415175756	0.0210008225377765	125.94971779028	0	1	-0.000139024495032552	0	0	-0.35592353915027	7.46569683403443	31.3375686472477	55.2366461018615	0.170461094971873	0.0955267498867188	0.021434599116462	103.385654535835	0	1	-0.00240079610797709	0	0	-0.138509561815916
1	finalLog_goTrials_model002_startVal001_started2017-04-20-T024430	SAM_goTrials_model002_startVal001_exit1_started2017-04-20-T024430	1	1239.50802673024	00:19:47.25	1	4.69482851049628	33.2565673901085	69.7877377392513	0.189066636240803	0.131286281787455	0.0180454705923014	52.1024411024967	0	1	-7.68513340040824e-06	0	0	-0.452055899463273	4.71654941978727	31.2783709323404	67.9880234557907	0.186721430549529	0.132543511732927	0.0163938033093455	67.4605524560581	0	1	-0.000140272046679542	0	0	-0.473252399196772
7	finalLog_goTrials_model002_startVal007_started2017-04-20-T024848	SAM_goTrials_model002_startVal007_exit1_started2017-04-20-T024848	7	1247.20898089677	00:29:38.64	1	6.92143630766158	40.3451234452748	72.8820389046025	0.219123278122525	0.153041711361524	0.0197462286917943	103.357324526521	0	1	-0.000376118450422807	0	0	-0.412225718568294	14.1341758298349	35.133391895837	55.888033908713	0.238277668199598	0.157400256965206	0.0378454576044561	125.993526589117	0	1	-0.000156420999262057	0	0	-0.76629170920114
11	finalLog_goTrials_model002_startVal011_started2017-04-20-T025250	SAM_goTrials_model002_startVal011_exit1_started2017-04-20-T025250	11	1267.68131444263	00:22:58.67	1	0.261208604286496	36.4348317394943	76.5172261462766	0.236306610327667	0.134958635686999	0.0506096309401066	166.43927407447	0	1	-0.000392821551599979	0	0	-0.355814705314504	3.81803001095579	31.433961943481	58.4201224536599	0.246873057512332	0.111023833339199	0.0540508262776136	163.49526593977	0	1	-0.00107959005096564	0	0	-0.597018137619185
19	finalLog_goTrials_model002_startVal019_started2017-04-20-T030338	SAM_goTrials_model002_startVal019_exit1_started2017-04-20-T030338	19	1288.59275282477	00:29:56.71	1	2.2054886621827	37.930172462863	63.1452323039006	0.179041347060449	0.101032198989359	0.0231963822515628	192.375467455346	0	1	-0.000804325127735868	0	0	-0.125508110932323	7.04667139701075	34.7012883954201	43.3295265575696	0.146845064260001	0.11745473495618	0.00659038080844134	187.002449193501	0	1	-0.00201215185898074	0	0	-0.148946123418814
4	finalLog_goTrials_model002_startVal004_started2017-04-20-T024742	SAM_goTrials_model002_startVal004_exit1_started2017-04-20-T024742	4	1289.007661028	00:27:29.87	1	5.83199479515537	37.1612617001903	70.3206091984846	0.146167000848571	0.0756694337155695	1.73439074077564e-05	132.011247556777	0	1	-5.72200393966415e-05	0	0	-0.048351158360792	16.4283989077617	38.3793324645447	61.0458701205885	0.140226459755075	0.0846898684245318	0.00170359565442167	108.521848995687	0	1	-0.000355834227922096	0	0	-0.383303052800884
2	finalLog_goTrials_model002_startVal002_started2017-04-20-T024530	SAM_goTrials_model002_startVal002_exit1_started2017-04-20-T024530	2	1322.66289354582	00:18:05.82	1	6.85839417259966	39.345570446171	78.1567661313787	0.21636482811553	0.145877123861491	0.0111820520497534	42.3618087060507	0	1	-0.00154410195302573	0	0	-0.0282429946670874	6.78430114231415	37.1455873033158	79.0169017675935	0.218762082872889	0.12989779656564	0.0082626137932001	57.1285113905164	0	1	-0.00160438810076085	0	0	-0.0250958521372021
17	finalLog_goTrials_model002_startVal017_started2017-04-20-T030305	SAM_goTrials_model002_startVal017_exit1_started2017-04-20-T030305	17	1342.43286713864	00:21:17.38	1	2.28808912185089	34.4934054809938	60.8015205975141	0.173279596963805	0.0913648161295971	0.0178813357111274	129.095547122666	0	1	-0.00139106943016067	0	0	-0.0138502328262612	2.76254610931249	35.7343376180119	52.8711653269026	0.144239196506396	0.117674450032769	0.0214850255607267	102.461537206533	0	1	-0.00192944573399715	0	0	-0.0239230356578738
3	finalLog_goTrials_model002_startVal003_started2017-04-20-T024633	SAM_goTrials_model002_startVal003_exit1_started2017-04-20-T024633	3	1363.52969589403	00:22:04.65	1	2.3057745981786	39.1145471998085	65.5488356529961	0.210958823198055	0.134161657960263	0.0140193399218465	137.273724098244	0	1	-0.00198178244780857	0	0	-0.00665109904101824	4.58777889343174	27.0779566188167	62.6590974955276	0.231309941973263	0.0990090246647048	0.0397367680329966	146.473149557147	0	1	-0.00236227671157249	0	0	-0.033762368307405
16	finalLog_goTrials_model002_startVal016_started2017-04-20-T030235	SAM_goTrials_model002_startVal016_exit1_started2017-04-20-T030235	16	1392.80083289596	00:37:08.60	1	1.00885291557	24.762188693168	54.3991739147111	0.11963922861956	0.0429522606627265	0.000982313119123331	199.630833346743	0	1	-6.41785682323898e-09	0	0	-1.75780983748819e-05	17.2181394588782	16.0440533571196	36.7572926123221	0.102689392428244	0.026919614187942	0.0022645399005091	199.828012213865	0	1	-0.00081093022931456	0	0	-0.108736393050536
13	finalLog_goTrials_model002_startVal013_started2017-04-20-T025322	SAM_goTrials_model002_startVal013_exit1_started2017-04-20-T025322	13	1402.00917256272	00:25:02.16	1	0.600205358767389	34.6105057191943	62.483436172309	0.225900977538132	0.156330109485018	0.00932369221278446	102.518243777184	0	1	-0.00244823617067565	0	0	-0.0814263384373302	4.51844400636986	24.6811704172959	53.1689585894733	0.247249783164435	0.157359507874653	0.00847939747121658	187.046879535191	0	1	-0.00418344541967835	0	0	-0.0660919860811118
12	finalLog_goTrials_model002_startVal012_started2017-04-20-T025235	SAM_goTrials_model002_startVal012_exit1_started2017-04-20-T025235	12	1509.1029870341	00:27:57.70	1	1.27244432851306	36.0824898494447	58.8789514980458	0.235603938471413	0.159972315972279	0.0244314144560788	167.849117261322	0	1	-0.00249028435466679	0	0	-0.133949746599944	0.840095901660737	39.608162734092	51.5375057119979	0.257868242814321	0.157198800240957	0.0274129687591834	165.154632288432	0	1	-0.00295949028547434	0	0	-0.235564258470126
10	finalLog_goTrials_model002_startVal010_started2017-04-20-T025036	SAM_goTrials_model002_startVal010_exit1_started2017-04-20-T025036	10	1541.24826779864	00:35:44.73	1	0.595332517446029	33.7171558919575	49.6162702931897	0.180220387113159	0.109111233365837	0.00538388329090808	199.961931881421	0	1	-0.00232666394273323	0	0	-0.0618954780829678	8.69281678193813	28.9439809242042	43.7418475701721	0.194091918704733	0.100128532987366	0.0225251270187992	152.785324482084	0	1	-0.00306247979244383	0	0	-0.231649548881834
8	finalLog_goTrials_model002_startVal008_started2017-04-20-T024935	SAM_goTrials_model002_startVal008_exit1_started2017-04-20-T024935	8	1748.06894727903	00:33:44.95	1	0.583786619905861	25.9345746591917	45.4566102291612	0.212236012391092	0.128869774581229	0.00221064140378859	178.296198401429	0	1	-0.00401204841800654	0	0	-0.0445966428536974	1.37206289383897	27.0320351485132	43.9827126578504	0.201721398187309	0.14554758712224	0.0109642139237422	96.1170663556131	0	1	-0.00445996396940239	0	0	-0.0897814342772442
