FileIndex	FileNameLog	FileNameSAM	StartValueIndex	FunctionValue	ElapsedTime	ExitFlag	BestX_ 1	BestX_ 2	BestX_ 3	BestX_ 4	BestX_ 5	BestX_ 6	BestX_ 7	BestX_ 8	BestX_ 9	BestX_10	BestX_11	BestX_12	BestX_13	StartX_ 1	StartX_ 2	StartX_ 3	StartX_ 4	StartX_ 5	StartX_ 6	StartX_ 7	StartX_ 8	StartX_ 9	StartX_10	StartX_11	StartX_12	StartX_13
4	finalLog_goTrials_model002_startVal004_started2016-11-19-T062959	SAM_goTrials_model002_startVal004_exit1_started2016-11-19-T062959	4	1446.1509570244	00:26:06.08	1	1.62673168166408	6.45836217660985	177.559442298733	0.822883070435433	0.636337385195428	0.194630411733085	58.7744789865206	0	1	-0.00156032143558674	0	0	-0.0250323182388961	2.08545221999188	7.90332383786664	163.922922317421	0.8056045563113	0.584567533042364	0.247813085370179	41.4444139717548	0	1	-0.00188938761001056	0	0	-0.0514368724259889
1	finalLog_goTrials_model002_startVal001_started2016-11-19-T062657	SAM_goTrials_model002_startVal001_exit1_started2016-11-19-T062657	1	1449.21259795551	00:17:12.64	1	5.75334188478489	5.41308805224298	147.156139784321	0.603170952083644	0.458604487880341	0.152336148657355	58.7796979884144	0	1	-0.000821253332023987	0	0	-0.0154539582280464	5.28553251988658	5.03217809141711	144.443284713627	0.596575178205446	0.46275080893251	0.148398746557244	56.6024027674827	0	1	-0.000838069852579166	0	0	-0.0268653981127587
14	finalLog_goTrials_model002_startVal014_started2016-11-19-T063420	SAM_goTrials_model002_startVal014_exit1_started2016-11-19-T063420	14	1489.14792767622	00:31:24.66	1	5.44670100777791	11.4436930094431	144.123756846122	0.598457218880485	0.483839387403728	0.124635848941251	8.14350258389887	0	1	-0.00128123002309418	0	0	-0.0466931429978884	5.78445192125171	14.1661362035254	127.399777888988	0.6046686357105	0.398880775024146	0.206931300161214	0.971256232630387	0	1	-0.00226053719105203	0	0	-0.241538940590532
3	finalLog_goTrials_model002_startVal003_started2016-11-19-T062956	SAM_goTrials_model002_startVal003_exit1_started2016-11-19-T062956	3	1500.79297942144	00:24:27.13	1	4.10868629485505	9.80374842969036	183.171949445935	0.751852413515587	0.549682266371175	0.209363236096176	74.262422699303	0	1	-0.000466635859254567	0	0	-0.0238584640749222	4.97935342728882	8.53056182957122	171.432968711267	0.768152600426404	0.476782818587348	0.28658968801422	79.9314422122291	0	1	-0.000225265399412979	0	0	-0.296236376978438
17	finalLog_goTrials_model002_startVal017_started2016-11-19-T063800	SAM_goTrials_model002_startVal017_exit1_started2016-11-19-T063800	17	1539.09830104255	00:28:55.34	1	4.13537340815577	7.63294245457157	127.65998887054	0.5748055904064	0.427972760403397	0.149176007900891	82.6816413293163	0	1	-0.000873649131165478	0	0	-0.0579078011732914	6.85259432243341	10.4509358795114	109.730361640409	0.542196827400007	0.385210559069805	0.265889016047155	52.246660789586	0	1	-0.00172667664072018	0	0	-0.265383563163257
16	finalLog_goTrials_model002_startVal016_started2016-11-19-T063603	SAM_goTrials_model002_startVal016_exit1_started2016-11-19-T063603	16	1550.3996410055	00:18:46.62	1	11.4224689311073	9.33609419628041	144.995252552828	1.04711588822559	0.91420579077377	0.143352332319974	60.8914293363446	0	1	-0.00405129650727376	0	0	-0.194778840944839	11.7904140156142	7.71023757572417	139.617309695586	1.02633629242395	0.893347608328228	0.268521275148144	53.1666790221702	0	1	-0.00444165468102116	0	0	-0.335000119222636
12	finalLog_goTrials_model002_startVal012_started2016-11-19-T063256	SAM_goTrials_model002_startVal012_exit1_started2016-11-19-T063256	12	1552.67631306929	00:18:26.79	1	3.49030023792083	0.367213433976923	180.908370584849	0.765255632882796	0.60199977025816	0.186266742090817	29.5669209551186	0	1	-0.000666123037820113	0	0	-0.128328340614714	5.7376976181056	0.716380533945528	155.636632554658	0.797126967490945	0.41927181844314	0.271493156199221	17.1058437086912	0	1	-0.00137593331529867	0	0	-0.172307304962622
18	finalLog_goTrials_model002_startVal018_started2016-11-19-T063754	SAM_goTrials_model002_startVal018_exit1_started2016-11-19-T063754	18	1608.18152399024	00:23:53.89	1	0.686719502143195	12.9272885589648	115.426091959109	0.806614059309579	0.685770505537257	0.111896701573161	100.046643330705	0	1	-0.00486754660581274	0	0	-0.0191042734595015	1.71832122444736	13.2617230899864	112.458249883957	0.716433828100069	0.491857132691429	0.253680280916211	70.822468492535	0	1	-0.00538288360313104	0	0	-0.0129067017453359
19	finalLog_goTrials_model002_startVal019_started2016-11-19-T063756	SAM_goTrials_model002_startVal019_exit1_started2016-11-19-T063756	19	1654.90697196219	00:35:42.14	1	3.97308997469692	6.61468912779309	123.896490705103	1.01936188788233	0.921718704631456	0.103719088159251	13.3892895028996	0	1	-0.00408720084753048	0	0	-0.337484396958001	4.85772822280258	4.26059410735086	120.127144856168	1.04255824105838	0.8237171773021	0.249122890753987	11.6174505697305	0	1	-0.00515644284936958	0	0	-0.380988464719021
13	finalLog_goTrials_model002_startVal013_started2016-11-19-T063354	SAM_goTrials_model002_startVal013_exit1_started2016-11-19-T063354	13	1669.40126499412	00:24:20.69	1	1.59832266275462	1.8849283266523	133.765486245698	0.65832803356026	0.486314222804347	0.169342322608425	105.277018377931	0	1	-0.000650669973200439	0	0	-0.149087406194972	2.08843691040054	4.65694123737638	97.9323019433414	0.635948584448787	0.521009637612183	0.236535220904776	84.9608190041058	0	1	-0.00103753833698485	0	0	-0.484969936558894
15	finalLog_goTrials_model002_startVal015_started2016-11-19-T063456	SAM_goTrials_model002_startVal015_exit1_started2016-11-19-T063456	15	1672.70084294497	00:30:56.86	1	15.570546826305	11.5312090943071	129.056540980258	0.722932173292045	0.588136357004864	0.135428113602606	87.7921133304864	0	1	-0.00174717973380214	0	0	-0.214702119259934	14.549682880842	11.8862127393595	117.884063006266	0.944425353584893	0.600930097255887	0.19512407257178	89.5646883312312	0	1	-0.00215297241747412	0	0	-0.489558238781088
5	finalLog_goTrials_model002_startVal005_started2016-11-19-T062954	SAM_goTrials_model002_startVal005_exit1_started2016-11-19-T062954	5	1677.2673771042	00:16:31.79	1	0.84647078041792	14.8445612574344	148.422005787599	1.0074726225747	0.848509236090667	0.169350245771314	86.602527879241	0	1	-0.00308680594685274	0	0	-0.223196639987225	0.523247516976248	14.5529627115615	148.884932219766	0.961486205690492	0.909298399684033	0.135601673442524	93.4814901570535	0	1	-0.00287961850243811	0	0	-0.23949780797531
7	finalLog_goTrials_model002_startVal007_started2016-11-19-T062953	SAM_goTrials_model002_startVal007_exit1_started2016-11-19-T062953	7	1750.72554043486	00:21:32.39	1	4.80809815543173	13.1217545295335	156.918557112534	0.964002047174533	0.774040616527542	0.196028275430919	111.812347620389	0	1	-0.00249160894678154	0	0	-0.149740806081037	6.10792329883838	12.8965707109927	146.634287380289	1.03559849228942	0.595725786266303	0.283863268277823	102.12718972201	0	1	-0.003669072285042	0	0	-0.0723076500089312
9	finalLog_goTrials_model002_startVal009_started2016-11-19-T063241	SAM_goTrials_model002_startVal009_exit1_started2016-11-19-T063241	9	1776.05445300025	00:23:59.29	1	13.3691296545159	14.6952917571329	94.7920707273703	0.694885911722331	0.593585559034529	0.0880489744399216	106.365661344789	0	1	-0.00423894907332596	0	0	-0.16368824007615	13.7316006349323	14.3249252463338	85.2737698369946	0.700810872389854	0.473421002415593	0.184251274431618	105.912514619241	0	1	-0.00466696732858634	0	0	-0.297108161505926
2	finalLog_goTrials_model002_startVal002_started2016-11-19-T062955	SAM_goTrials_model002_startVal002_exit1_started2016-11-19-T062955	2	1791.29157426758	00:21:11.94	1	11.4798217514653	11.3866811965018	162.070124355958	0.893589990532653	0.697241431679322	0.201686035860156	112.042668189132	0	1	-0.00174307938781359	0	0	-0.137282803412481	10.5914918193773	10.2104086867775	160.052805881789	0.963618566291618	0.624983076245876	0.236250299155955	112.944869019212	0	1	-0.00178972038850249	0	0	-0.234885690006019
10	finalLog_goTrials_model002_startVal010_started2016-11-19-T063157	SAM_goTrials_model002_startVal010_exit1_started2016-11-19-T063157	10	1802.72503236634	00:30:36.16	1	13.3494871241306	7.24467093200903	133.078686477231	1.04668412819765	0.907458797813402	0.141976707077775	113.202861266727	0	1	-0.00426044165235685	0	0	-0.214571763934006	13.4313297920475	9.43745060897352	117.3733544696	1.07503730350061	0.742919135803974	0.273620356742159	112.377558464125	0	1	-0.00498568413823885	0	0	-0.279026177305366
20	finalLog_goTrials_model002_startVal020_started2016-11-19-T063755	SAM_goTrials_model002_startVal020_exit1_started2016-11-19-T063755	20	1838.56079501352	00:17:03.46	1	7.40939451538226	8.1694336630911	64.061399176245	0.264398754549296	0.190964345072847	0.0476839777481722	82.4000921038496	0	1	-0.00059695159191953	0	0	-0.0835946831874457	7.23805296412937	8.60161293798525	58.8506529525528	0.213214810341023	0.217605453625063	0.0391373013705176	86.3078788974897	0	1	-0.00100263519258924	0	0	-0.147813760620029
6	finalLog_goTrials_model002_startVal006_started2016-11-19-T062954	SAM_goTrials_model002_startVal006_exit1_started2016-11-19-T062954	6	1864.59766208394	00:20:06.40	1	14.0738165497771	9.54858094270937	173.997996787654	1.0647343461509	0.85943619200938	0.214371558472485	78.9774721082671	0	1	-0.00113954292473559	0	0	-0.361587798627324	13.2992458606037	8.80840954731768	156.863007951337	0.974239446251959	0.90310239914397	0.271130628604352	71.7202596365803	0	1	-0.00137681548557626	0	0	-0.391152687758381
11	finalLog_goTrials_model002_startVal011_started2016-11-19-T063305	SAM_goTrials_model002_startVal011_exit1_started2016-11-19-T063305	11	2055.40055422544	00:17:32.21	1	7.91647634775086	8.36450204922652	73.5598403555116	0.594625644280654	0.518982641732706	0.0565084277749674	78.7144674563208	0	1	-0.00240116973580076	0	0	-0.457076513683639	7.17695871333289	7.83541477341032	73.9440248173782	0.588144757975096	0.585836571617504	0.0512736350674418	71.4488108491668	0	1	-0.00231328014621143	0	0	-0.441640073221956
8	finalLog_goTrials_model002_startVal008_started2016-11-19-T062954	SAM_goTrials_model002_startVal008_exit1_started2016-11-19-T062954	8	2151.40267865866	00:19:30.95	1	5.37929122502485	15.057552468108	123.503775902619	0.791112722034883	0.637200642819857	0.155190965988206	101.070658410205	0	1	-0.000385334850424046	0	0	-0.480843644939172	4.29800442655326	14.9008312361633	115.287473192507	0.885761815454849	0.590971072248382	0.162554714000372	101.819394905091	0	1	-0.000654049126418579	0	0	-0.522529451043197
