FileIndex	FileNameLog	FileNameSAM	StartValueIndex	FunctionValue	ElapsedTime	ExitFlag	BestX_ 1	BestX_ 2	BestX_ 3	BestX_ 4	BestX_ 5	BestX_ 6	BestX_ 7	BestX_ 8	BestX_ 9	BestX_10	BestX_11	BestX_12	BestX_13	BestX_14	BestX_15	BestX_16	BestX_17	StartX_ 1	StartX_ 2	StartX_ 3	StartX_ 4	StartX_ 5	StartX_ 6	StartX_ 7	StartX_ 8	StartX_ 9	StartX_10	StartX_11	StartX_12	StartX_13	StartX_14	StartX_15	StartX_16	StartX_17
12	finalLog_goTrials_model049_startVal012_started2015-12-04-T161506	SAM_goTrials_model049_startVal012_exit1_started2015-12-04-T161506	12	568.26518411157	00:42:56.17	1	3.9602668808295	27.4405494057909	63.3266568147856	0.280266070894885	0.29405971871398	0.276478534684061	0.0352865916754384	0.141508887343068	0.153670915414058	0	59.5896948758554	0	1	-0.000426763382013082	-0.0067953054363904	0	0	33.7795185489087	30.7539789597642	55.2520418189341	0.156320449942093	0.299189757873621	0.205607742982636	0.0211829670492649	0.238984937761534	0.12889721530031	0	43.1227982648798	0	1	-0.00116982960885495	-0.00548191306676138	0	0
19	finalLog_goTrials_model049_startVal019_started2015-12-04-T161507	SAM_goTrials_model049_startVal019_exit1_started2015-12-04-T161507	19	608.5850791427	00:45:36.41	1	10.934183972953	0.832050108843195	55.5490482091545	0.209369770954391	0.18096218018882	0.167959018292896	0.0369109631589148	0.176568598620643	0.202538333587673	0	45.8009884449269	0	1	-0.000790863482906648	-0.470750849105047	0	0	10.6519523143871	0.420493055742477	61.6007289914311	0.212291938743639	0.174213695450138	0.159841637830865	0.030360787134059	0.243346411405652	0.190915644323107	0	39.0500033494228	0	1	-0.00138775185627327	-0.479841894450024	0	0
1	finalLog_goTrials_model049_startVal001_started2015-12-04-T161414	SAM_goTrials_model049_startVal001_exit1_started2015-12-04-T161414	1	675.619573101788	00:38:47.79	1	31.8909685977274	14.2392113221336	70.3688018288713	0.23812572570892	0.216841268329051	0.194772537503312	0.166236592531114	0.20737917200608	0.250179812303447	0	43.1237264639851	0	1	-0.00112243322959969	-0.0166667620874745	0	0	35	16	70	0.24	0.22	0.2	0.19	0.19	0.19	0	40	0	1	-0.001	-0.01	0	0
4	finalLog_goTrials_model049_startVal004_started2015-12-04-T161506	SAM_goTrials_model049_startVal004_exit1_started2015-12-04-T161506	4	905.557594167242	00:38:39.93	1	25.6533843984845	18.8141651654535	68.3278453948011	0.378058964036182	0.371625195063869	0.359615583204867	0.206469657090318	0.262845546895404	0.312675511962054	0	18.1876787214125	0	1	-0.00257594083622083	-0.506378357638219	0	0	10.4148261905408	22.5451465206156	64.4165691641908	0.368589966568149	0.351418063970442	0.286598601488094	0.24040513425472	0.235691425263127	0.195798126093595	0	8.66304435674699	0	1	-0.00185164350168308	-0.358036853532816	0	0
14	finalLog_goTrials_model049_startVal014_started2015-12-04-T161500	SAM_goTrials_model049_startVal014_exit1_started2015-12-04-T161500	14	914.869975231089	00:37:23.01	1	25.4639340856307	29.2955862366759	76.9659893717038	0.421096816060176	0.401022359260113	0.399830836185489	0.237043003968545	0.278076099167794	0.323106603594219	0	19.3735963838761	0	1	-0.00186494041259525	-0.457450512142236	0	0	12.508266309696	27.9623604443863	77.0133342421053	0.405267426594062	0.328339052482615	0.398590720130153	0.35854298524308	0.213120625708687	0.349474917411608	0	34.8725915187915	0	1	-0.0020910608231223	-0.463703687746245	0	0
8	finalLog_goTrials_model049_startVal008_started2015-12-04-T161447	SAM_goTrials_model049_startVal008_exit1_started2015-12-04-T161447	8	937.143945913209	00:42:06.15	1	50.6348839814314	29.8703528626643	72.3998912491687	0.36557403127102	0.346697301483764	0.323910419474654	0.207437658277921	0.255167718191977	0.281833147759742	0	29.6109651901481	0	1	-0.00167152897081783	-0.503586289381392	0	0	48.7831799757575	20.2420559965881	66.7346109870433	0.403548430214073	0.265460826512992	0.208865976970888	0.332062867493697	0.304189494018026	0.283942011373051	0	11.6382866271621	0	1	-0.00104445642131959	-0.383327968322442	0	0
13	finalLog_goTrials_model049_startVal013_started2015-12-04-T161449	SAM_goTrials_model049_startVal013_exit1_started2015-12-04-T161449	13	947.249897692308	00:43:38.44	1	51.6632574971155	36.9185575703667	66.3793461530535	0.354290319041037	0.331397892919435	0.331461870293335	0.181806997988407	0.227040403654679	0.298038362525077	0	0.90998084270177	0	1	-0.00250006035425195	-0.461013905945043	0	0	41.1683352779762	33.5980370714178	58.1426954927944	0.447624418244003	0.278356423032028	0.207968653533574	0.250299290979555	0.250931079705115	0.312224059023071	0	0.575609017992154	0	1	-0.001871094260263	-0.459188185687003	0	0
9	finalLog_goTrials_model049_startVal009_started2015-12-04-T161500	SAM_goTrials_model049_startVal009_exit1_started2015-12-04-T161500	9	958.876426508674	00:42:58.69	1	22.7071922057455	13.6009197988954	91.2639858390674	0.423109859566119	0.408676923745845	0.388687501319931	0.236804135552732	0.293753240745524	0.345573678100971	0	20.1319030238165	0	1	-0.000588145155747331	-0.4387622185186	0	0	26.4382289750543	9.53890880080607	91.6894603830527	0.470750671167659	0.395399644431713	0.374814224545585	0.143186422754934	0.308170755141044	0.344422660134268	0	17.7335837244272	0	1	-0.000673094157441597	-0.37909181002801	0	0
5	finalLog_goTrials_model049_startVal005_started2015-12-04-T161445	SAM_goTrials_model049_startVal005_exit1_started2015-12-04-T161445	5	967.017523894333	00:39:52.98	1	22.4858419770226	13.6347909288594	54.5040813765581	0.325904926191936	0.311294685742364	0.312581384529943	0.144847384192038	0.215366426498273	0.277720239892762	0	19.056140258278	0	1	-0.00400377188898838	-0.426238794626946	0	0	13.5925674266267	11.1579070858646	46.6219126937023	0.327693110300578	0.290882645684005	0.291168705080457	0.215264172109038	0.169764417287487	0.235547556570839	0	31.6596667559689	0	1	-0.00386535853502457	-0.382596291929279	0	0
7	finalLog_goTrials_model049_startVal007_started2015-12-04-T161500	SAM_goTrials_model049_startVal007_exit1_started2015-12-04-T161500	7	977.090489998069	00:46:38.39	1	40.943490004464	9.93377163406371	72.097366854007	0.307567958148897	0.281584068677967	0.259676323562021	0.176047808189333	0.23325974739857	0.285114937748766	0	24.6838629236468	0	1	-0.0015736127584138	-0.288761397227709	0	0	59.636642740269	11.550357621736	74.7927163459357	0.272730258232172	0.294758993647657	0.174785052598328	0.155565147131678	0.186654100021094	0.309396860379271	0	25.4067981259857	0	1	-0.00102956616986357	-0.300517071828314	0	0
3	finalLog_goTrials_model049_startVal003_started2015-12-04-T161505	SAM_goTrials_model049_startVal003_exit1_started2015-12-04-T161505	3	978.872526779273	00:43:00.79	1	33.3977199537605	20.304370795511	58.8034225032358	0.335220689685889	0.319600325425801	0.325566479018144	0.168279381324999	0.2282454633713	0.286932643416055	0	16.3468678414764	0	1	-0.00348021488465267	-0.391849396437903	0	0	37.6604474181837	18.3549875998695	60.2330902263424	0.316281374894224	0.371252890842024	0.356516947528184	0.0679671191129335	0.271592096077152	0.325465498781021	0	3.12394823576823	0	1	-0.00405366409572519	-0.361248328091666	0	0
17	finalLog_goTrials_model049_startVal017_started2015-12-04-T161500	SAM_goTrials_model049_startVal017_exit1_started2015-12-04-T161500	17	1010.54676626114	00:40:11.16	1	57.753027433116	31.9118457950771	91.6991347013066	0.39301113025038	0.368436816774494	0.353023844810275	0.220551124591159	0.266616792651749	0.317871368811184	0	24.1044670221702	0	1	-2.21510617146557e-06	-0.462418788428825	0	0	62.2149618394886	28.487553406655	80.7438373971747	0.296705646202573	0.433821856904459	0.271345176470259	0.324517344776279	0.210878398972008	0.358682416457527	0	18.016945540276	0	1	-2.31270596146591e-05	-0.413015863960334	0	0
10	finalLog_goTrials_model049_startVal010_started2015-12-04-T161446	SAM_goTrials_model049_startVal010_exit1_started2015-12-04-T161446	10	1026.27969059273	00:42:20.48	1	48.7079298901765	26.5515699826909	63.2266789326829	0.250857506940034	0.22670073811587	0.219792030970939	0.103181670010364	0.145070675674403	0.206736281965936	0	19.2197078805142	0	1	-0.000454945363632645	-0.487018643985577	0	0	47.3264173120743	19.5430906837098	68.3469377388154	0.329475076580539	0.260833179977131	0.182025399153606	0.181659056865447	0.164923831703017	0.121406536190008	0	10.8937706832191	0	1	-0.00023150331051552	-0.480465312339567	0	0
6	finalLog_goTrials_model049_startVal006_started2015-12-04-T161442	SAM_goTrials_model049_startVal006_exit1_started2015-12-04-T161442	6	1072.18348100549	00:41:08.11	1	39.7428324153291	10.6434295485749	83.2423015587345	0.333037555357115	0.304292228503642	0.284354094734609	0.196249568596678	0.251161779195169	0.289831295517018	0	17.1798690136466	0	1	-0.000292358406699172	-0.502777500447567	0	0	37.4757844943818	12.6048371663879	75.9442110669514	0.265397385176942	0.212888445814039	0.326010466744889	0.249346728411087	0.189242267886376	0.280834786687488	0	27.2049567605196	0	1	-7.71405039274283e-05	-0.505454343722857	0	0
15	finalLog_goTrials_model049_startVal015_started2015-12-04-T161449	SAM_goTrials_model049_startVal015_exit1_started2015-12-04-T161449	15	1100.66881956412	00:58:43.71	1	9.88131490214524	3.69262059580736	68.078201896523	0.365668694096318	0.3297960031041	0.34767153198229	0.223560944759573	0.250969090992623	0.307178432860132	0	27.709910125284	0	1	-0.00246469510020082	-0.461062611306561	0	0	13.677094599795	26.970392567113	45.2782931665269	0.479986930460977	0.251699318335003	0.226731960246065	0.272047466442674	0.202785083895756	0.187934201283309	0	35.4903611677683	0	1	-0.00319009045355443	-0.505823538904445	0	0
11	finalLog_goTrials_model049_startVal011_started2015-12-04-T161459	SAM_goTrials_model049_startVal011_exit1_started2015-12-04-T161459	11	1107.93811612306	00:44:37.46	1	56.3107139270539	30.7375921117266	68.2628248184654	0.289952948588732	0.27217496007113	0.255118114245956	0.124334574478545	0.20565268039624	0.225673603333528	0	28.4899380076495	0	1	-0.000842453476054624	-0.476004969716042	0	0	42.4329753343825	27.1785633737801	67.3983173972773	0.257765346827167	0.251438671336519	0.374888349153222	0.0245815334173149	0.156010838228708	0.293099445942998	0	8.22661246470975	0	1	-0.00145443428660609	-0.285663057487761	0	0
20	finalLog_goTrials_model049_startVal020_started2015-12-04-T161459	SAM_goTrials_model049_startVal020_exit1_started2015-12-04-T161459	20	1145.21300120483	00:43:39.47	1	43.1690123851266	18.3949609679183	56.1999744653486	0.259045880920281	0.230222494359458	0.211423886052423	0.0804846542327797	0.15662042241345	0.20180835934656	0	73.0319426015886	0	1	-0.00183018888447795	-0.308417513042748	0	0	24.7565168256377	18.989799053024	58.5995174516589	0.312391499642825	0.206928971833187	0.236416729522403	0.170838106178272	0.144940203172992	0.135343162667439	0	69.0921779229042	0	1	-0.00175626031118704	-0.286325968637372	0	0
16	finalLog_goTrials_model049_startVal016_started2015-12-04-T161505	SAM_goTrials_model049_startVal016_exit1_started2015-12-04-T161505	16	1190.64402705125	00:42:29.03	1	52.2890681082858	15.2547695992366	78.0848754312022	0.324682665078919	0.292762047802988	0.276027507045249	0.228215631768728	0.261594499260916	0.291094799818241	0	28.5259612298833	0	1	-0.00129529637834411	-0.274661208652745	0	0	47.60451087691	17.1757934574749	77.7322749995812	0.271111295118078	0.335315716140446	0.19103761313835	0.222787080179844	0.263493342823861	0.268883552913848	0	24.8227309453015	0	1	-0.000765972175472108	-0.176184795250928	0	0
18	finalLog_goTrials_model049_startVal018_started2015-12-04-T161441	SAM_goTrials_model049_startVal018_exit1_started2015-12-04-T161441	18	1339.03861711831	00:34:31.65	1	52.919237464958	22.8947693482227	76.7429251451957	0.29511979648424	0.271045690530606	0.25368591344813	0.160803016447801	0.217840744195609	0.244449652277826	0	10.5740639740959	0	1	-0.000286221060096847	-0.394515730087419	0	0	47.9492821649517	27.7982540009615	81.1802969285387	0.258436676726979	0.276211007868368	0.186715362149622	0.137227355993412	0.280316690886409	0.233332569333075	0	8.23810505240307	0	1	-0.000110760284775212	-0.411341469432546	0	0
2	finalLog_goTrials_model049_startVal002_started2015-12-04-T161448	SAM_goTrials_model049_startVal002_exit1_started2015-12-04-T161448	2	1445.48728824395	00:40:28.01	1	55.6005276890078	4.92044513009533	100.418668820248	0.326337049769583	0.289332340203644	0.275867714555522	0.23567213260598	0.359671396806582	0.376194536723405	0	30.8005742079348	0	1	-0.000331200653708278	-0.500012237416868	0	0	44.5446126644938	4.80299104900795	101.177814743942	0.320944338340646	0.298693454682184	0.296058667541899	0.201362205048005	0.369312415069846	0.367564686767079	0	32.2577589561858	0	1	-0.000226314611389504	-0.502632083063461	0	0
