FileIndex	FileNameLog	FileNameSAM	StartValueIndex	FunctionValue	ElapsedTime	ExitFlag	BestX_ 1	BestX_ 2	BestX_ 3	BestX_ 4	BestX_ 5	BestX_ 6	BestX_ 7	BestX_ 8	BestX_ 9	BestX_10	BestX_11	BestX_12	BestX_13	BestX_14	BestX_15	BestX_16	BestX_17	StartX_ 1	StartX_ 2	StartX_ 3	StartX_ 4	StartX_ 5	StartX_ 6	StartX_ 7	StartX_ 8	StartX_ 9	StartX_10	StartX_11	StartX_12	StartX_13	StartX_14	StartX_15	StartX_16	StartX_17
14	finalLog_goTrials_model060_startVal014_started2015-12-24-T105325	SAM_goTrials_model060_startVal014_exit1_started2015-12-24-T105325	14	470.009166167619	00:42:31.19	1	25.6465518914644	19.6678011472656	74.6332442977305	0.196437237758343	0.166956766937236	0.150555549833061	0.0561099832197358	0.0862075856600003	0.107689840925609	0.0349441296957078	22.2478544945973	0	1	-7.40309132624814e-05	0	0	0	29.9601360985459	18.7334794431414	69.0983356865845	0.154911145092679	0.1739965830814	0.110466729495846	0.0763789579994636	0.043445465583475	0.0956590408727164	0.0838910490206402	19.8174356772859	0	1	-0.00101171410638371	0	0	0
11	finalLog_goTrials_model060_startVal011_started2015-12-24-T105359	SAM_goTrials_model060_startVal011_exit1_started2015-12-24-T105359	11	482.217764748921	00:55:17.87	1	19.7855527837308	12.4725196873706	66.4810531396348	0.224586880393633	0.198068718647359	0.180301920240157	0.0914906000201581	0.118808720444542	0.138481336956245	0.0360056469514657	34.4995867524317	0	1	-0.00119091043943481	0	0	0	6.25263109012006	20.0044431781269	62.964820235847	0.280586180046959	0.177147024408207	0.142419305327843	0.0446802672259361	0.0681807720984377	0.0680710288438202	0.0879421641426555	46.4143736524865	0	1	-0.0013739758042558	0	0	0
1	finalLog_goTrials_model060_startVal001_started2015-12-24-T105128	SAM_goTrials_model060_startVal001_exit1_started2015-12-24-T105128	1	509.461976531159	00:31:51.71	1	17.8812111696795	12.721330596684	71.1765009559364	0.225039368663984	0.206791481905568	0.183404629548662	0.102606284907122	0.110578892670505	0.139307747112202	0.0431649195501922	27.5922444602129	0	1	-0.000949964643588075	0	0	0	16	11	69	0.23	0.2	0.18	0.11	0.11	0.14	0.05	25	0	1	-0.001	0	0	0
20	finalLog_goTrials_model060_startVal020_started2015-12-24-T105356	SAM_goTrials_model060_startVal020_exit1_started2015-12-24-T105356	20	521.003216913141	00:42:53.25	1	7.42595897553421	0.587691480106703	65.6858238243649	0.283887032016576	0.26101499330834	0.237526053789679	0.119841705163128	0.180190188659796	0.20396752591933	0.030518071029718	5.72136002436244	0	1	-0.0027050486919838	0	0	0	7.43637670187967	0.564665782390718	59.7121312961036	0.321324227524573	0.230388675834999	0.256158451296822	0.0684296886397308	0.199037846464315	0.195410345881629	0.0617400439654104	2.88790854198063	0	1	-0.00295660924085283	0	0	0
3	finalLog_goTrials_model060_startVal003_started2015-12-24-T105403	SAM_goTrials_model060_startVal003_exit1_started2015-12-24-T105403	3	521.477162351335	00:44:55.99	1	27.925522603109	23.1082079681633	88.3721611047257	0.228196798131724	0.201047120250381	0.176652047035521	0.0796742544667415	0.101303511750767	0.125592111691987	0.051249828618803	0.0187675254878061	0	1	-8.15453312072861e-05	0	0	0	14.6292056036025	25.2201964099237	87.9719599041073	0.223848855138788	0.208658534376843	0.172315641480487	0.113477531177797	0.0821481274336721	0.0504521278829368	0.0953423532162636	0.843727351530354	0	1	-0.000463361267195176	0	0	0
13	finalLog_goTrials_model060_startVal013_started2015-12-24-T105245	SAM_goTrials_model060_startVal013_exit1_started2015-12-24-T105245	13	564.280993853476	00:42:00.96	1	6.23827290325775	0.86323026295788	66.5737485482457	0.250218585986706	0.230049285657679	0.202605342936961	0.109459201752469	0.123413112867698	0.156106316704007	0.0465359318096298	24.0420196008997	0	1	-0.0015749541300893	0	0	0	18.8542295924704	4.43570248790539	60.0678148427672	0.244498434336027	0.184284414826919	0.197046755938742	0.145705826162343	0.109596170994229	0.0664995924640062	0.0654893760844143	14.5946275488273	0	1	-0.00225422284137518	0	0	0
10	finalLog_goTrials_model060_startVal010_started2015-12-24-T105401	SAM_goTrials_model060_startVal010_exit1_started2015-12-24-T105401	10	574.725982473286	00:46:33.19	1	27.2468261592901	26.038077369936	85.8633960140992	0.276296471835048	0.249566274227427	0.22399180093858	0.0761571786194836	0.140718620370833	0.178188379313436	0.0485506037765451	4.41854629323818	0	1	-0.00121604251374376	0	0	0	27.6775675379187	26.8333922258822	82.8346473994237	0.265562468247465	0.294440170693809	0.188389719743713	0.0411133666656039	0.121878970761672	0.10958389568203	0.0932392103597944	2.74439350425363	0	1	-0.00189010418210802	0	0	0
19	finalLog_goTrials_model060_startVal019_started2015-12-24-T105353	SAM_goTrials_model060_startVal019_exit1_started2015-12-24-T105353	19	591.486739945524	00:48:02.22	1	20.1684007491056	6.05545129933178	66.7163520589276	0.311420421243838	0.281905609711903	0.263445169344052	0.144930241997522	0.201170528156549	0.22498277263629	0.0307608453959706	34.187283307893	0	1	-0.00312322091911951	0	0	0	25.6367448757439	6.44069731828116	66.5107526229203	0.254819595037586	0.31469332086186	0.299177593164423	0.0807283164500164	0.154508437671644	0.216328821900668	0.0923441535662962	28.0734952441612	0	1	-0.00364322743804815	0	0	0
2	finalLog_goTrials_model060_startVal002_started2015-12-24-T105230	SAM_goTrials_model060_startVal002_exit1_started2015-12-24-T105230	2	593.0832582528	00:42:43.74	1	12.7213980040495	5.45819994630988	80.6025372306361	0.239851067082096	0.209035054413048	0.189238010213063	0.095761018105665	0.110315679154991	0.135943629541684	0.0641212125345021	8.54296540683238	0	1	-0.000364740292751713	0	0	0	3.94186582066723	12.1938741731353	81.1529150033835	0.21143936458166	0.234566551335121	0.2348049891311	0.0682247948087301	0.0712216457493281	0.168240234211905	0.0854340183649785	5.63311578315671	0	1	-0.000652055836856008	0	0	0
7	finalLog_goTrials_model060_startVal007_started2015-12-24-T105350	SAM_goTrials_model060_startVal007_exit1_started2015-12-24-T105350	7	629.559582869295	00:38:31.68	1	5.20184912151434	0.431828928761005	63.9619788548502	0.231626557691891	0.203968801277348	0.181793105177472	0.026153514078958	0.107894729347165	0.136707076675733	0.0451749433607946	29.2903411094677	0	1	-0.00113004692819693	0	0	0	5.25496314176431	0.306846283920186	60.7207185772678	0.203446441295988	0.158376086772853	0.143857474047778	0.0175772978144552	0.140884764498009	0.14067468529071	0.0763381567580764	24.4062520933893	0	1	-0.00138775185627327	0	0	0
9	finalLog_goTrials_model060_startVal009_started2015-12-24-T105334	SAM_goTrials_model060_startVal009_exit1_started2015-12-24-T105334	9	631.373986873897	00:37:36.62	1	11.7031050880942	3.2315801193493	79.3136023681101	0.315027955103725	0.291305899781088	0.269874333831194	0.169616290909868	0.185257454557822	0.210320666240354	0.0588778446032632	10.6448144385379	0	1	-0.00210510368586208	0	0	0	20.2168700406998	2.7448857430514	77.1248710200435	0.36937833447161	0.326645776313219	0.241311607027233	0.166874733581427	0.154041282502996	0.166993057246032	0.062282138266756	5.72728282421524	0	1	-0.00244229576840374	0	0	0
5	finalLog_goTrials_model060_startVal005_started2015-12-24-T105354	SAM_goTrials_model060_startVal005_exit1_started2015-12-24-T105354	5	652.357174940244	00:45:29.80	1	20.8652571124103	17.147059790884	90.0146654632482	0.259066618507002	0.234367920156533	0.198104677649024	0.0729920741443943	0.0953077804108701	0.140656682753118	0.0766490652840304	43.1171677047593	0	1	-9.48179842513164e-05	0	0	0	16.211646721969	20.8281804275273	89.2654395476413	0.323317499427965	0.222951496622965	0.176629508935303	0.0688054922266436	0.0389004751298749	0.146904180765017	0.0911853292381341	42.3679035305458	0	1	-0.000767591507241128	0	0	0
8	finalLog_goTrials_model060_startVal008_started2015-12-24-T105420	SAM_goTrials_model060_startVal008_exit1_started2015-12-24-T105420	8	658.045759578054	00:37:52.05	1	27.8781284892081	16.8030354837405	92.1137773816158	0.34724685114616	0.306398340708089	0.287477130475961	0.141525916850835	0.197880041473176	0.228025493682454	0.074426616878917	36.7595304818695	0	1	-0.00166932302525502	0	0	0	30.0284769564517	14.2809065908676	93.3197524589509	0.319486909965392	0.35116065432829	0.309941672077381	0.130481603178565	0.188520639441076	0.208492959674648	0.0630757626740935	36.5369632176841	0	1	-0.00190372529402016	0	0	0
16	finalLog_goTrials_model060_startVal016_started2015-12-24-T105334	SAM_goTrials_model060_startVal016_exit1_started2015-12-24-T105334	16	668.265705464611	00:41:03.17	1	20.0201195851715	18.6103585703896	96.0939215347726	0.272026476810649	0.242219297084312	0.210483313132192	0.0591040039333952	0.116057228566982	0.152567310129343	0.077125507364344	20.3789544915748	0	1	-0.000100696393670571	0	0	0	15.9471078772794	18.3522386585715	96.4437761287663	0.361394672216917	0.269293089236657	0.155057891641731	0.0636372048194582	0.0931769578237179	0.157683077387853	0.0862758676670053	21.0460788977014	0	1	-0.00030125513220708	0	0	0
18	finalLog_goTrials_model060_startVal018_started2015-12-24-T105402	SAM_goTrials_model060_startVal018_exit1_started2015-12-24-T105402	18	676.50934399474	00:40:54.47	1	17.8815455322178	11.5208764580388	92.932971716896	0.274227251941689	0.245283013918359	0.214030658116487	0.0875494684468368	0.113951452479527	0.159718930242648	0.0775599290343064	20.4924039260067	0	1	-0.000235123669926661	0	0	0	17.413114477442	21.9720487454339	80.0408874161593	0.23917740880433	0.230235713872248	0.271118483540891	0.154042885729964	0.0359733435523416	0.167216958388466	0.0551649789567046	12.5490661289201	0	1	-0.000946206567070442	0	0	0
4	finalLog_goTrials_model060_startVal004_started2015-12-24-T105347	SAM_goTrials_model060_startVal004_exit1_started2015-12-24-T105347	4	709.48311234535	00:43:32.17	1	6.25720253291745	2.44626164775475	93.6689038082415	0.285010955556719	0.253185244987585	0.217103918857784	0.0269755371229904	0.098342371106551	0.151080903548235	0.0836255486686139	5.84245395383834	0	1	-0.000102674213616664	0	0	0	5.09507372088263	5.62925479720893	91.824529341146	0.260774485082666	0.297565241576713	0.24179715992979	0.0194378603653752	0.0617867548579285	0.120682468176626	0.0730034847511129	5.75131640943713	0	1	-0.000182663778940381	0	0	0
6	finalLog_goTrials_model060_startVal006_started2015-12-24-T105353	SAM_goTrials_model060_startVal006_exit1_started2015-12-24-T105353	6	719.878550253713	00:47:32.88	1	31.5267782269829	25.6450864327889	84.7408623893516	0.281274797636642	0.251341772872701	0.227000340612895	0.0373578609434649	0.134214588627633	0.171918135892146	0.0600291801247585	43.1116830692799	0	1	-0.00115513530322536	0	0	0	34.202796347176	25.3850333666053	79.8830574167431	0.318089060799555	0.284247902998335	0.242157485487401	0.00847246483829556	0.144691195656178	0.109277059940278	0.0681861009584617	40.1240435890938	0	1	-0.00158794463277531	0	0	0
17	finalLog_goTrials_model060_startVal017_started2015-12-24-T105251	SAM_goTrials_model060_startVal017_exit1_started2015-12-24-T105251	17	791.634209347446	00:46:53.06	1	22.8889921137004	12.5416664071813	101.989077659558	0.342773904291084	0.312016226223891	0.27972446200819	0.122572141047504	0.144144296035012	0.214174320737346	0.0903055161408325	29.1798072629348	0	1	-0.000898299212568585	0	0	0	21.8634750249974	19.1318801146852	91.5410046758807	0.402030573375052	0.31940973410908	0.24383421023092	0.0824491815297283	0.0941648948076835	0.272520914201156	0.0952771191845256	34.2363605559495	0	1	-0.00246069957954776	0	0	0
15	finalLog_goTrials_model060_startVal015_started2015-12-24-T105319	SAM_goTrials_model060_startVal015_exit1_started2015-12-24-T105319	15	843.50281074133	00:42:14.63	1	0.0907225195428988	7.96801669353548	85.6038471087409	0.318136813513922	0.291059143011268	0.257906883789339	0.126887998646618	0.14866309395378	0.195916531683341	0.0732533706806383	14.8457561971144	0	1	-0.00135882090753887	0	0	0	1.25227744937426	10.5681109453252	74.462764995112	0.422942109972158	0.318393906802681	0.293743447757495	0.0679903381921746	0.100367349203161	0.245043230596669	0.0877213340106178	4.02262641395181	0	1	-0.00324719314776636	0	0	0
12	finalLog_goTrials_model060_startVal012_started2015-12-24-T105359	SAM_goTrials_model060_startVal012_exit1_started2015-12-24-T105359	12	932.46767690014	00:36:31.13	1	36.0757758717609	14.4898218140108	92.0439012255796	0.336833244977314	0.296332105124543	0.264973182264662	0.0759168264758407	0.176622683136893	0.215925047160627	0.0800191623533325	48.4240122448958	0	1	-0.00142139195528795	0	0	0	36.2513132871115	14.7542197695857	86.9140100495258	0.384637062533539	0.325360905959634	0.231255030269347	0.0364908309581252	0.215287547472406	0.202386723022148	0.0698643664268975	47.0011345937859	0	1	-0.00156248221044218	0	0	0
