FileIndex	FileNameLog	FileNameSAM	StartValueIndex	FunctionValue	ElapsedTime	ExitFlag	BestX_ 1	BestX_ 2	BestX_ 3	BestX_ 4	BestX_ 5	BestX_ 6	BestX_ 7	BestX_ 8	BestX_ 9	BestX_10	BestX_11	BestX_12	BestX_13	BestX_14	BestX_15	BestX_16	StartX_ 1	StartX_ 2	StartX_ 3	StartX_ 4	StartX_ 5	StartX_ 6	StartX_ 7	StartX_ 8	StartX_ 9	StartX_10	StartX_11	StartX_12	StartX_13	StartX_14	StartX_15	StartX_16
1	finalLog_goTrials_model043_startVal001_started2016-08-24-T104055	SAM_goTrials_model043_startVal001_exit1_started2016-08-24-T104055	1	923.438274369274	00:35:01.14	1	0.558633482166421	99.74115966741	0.465266351250321	0.467311836579411	0.456113749000738	0.281454215289649	0.367595377580073	0.428221778531446	0.0236373214522684	66.1210264775387	0	1	-1.46219593215825e-05	-0.0109486125768604	0	0	0.447439142010209	99.8652314291032	0.461063412554913	0.462793021313523	0.45075610249534	0.274654811454403	0.362388550300326	0.422208002996641	0.0226808850117903	63.1596593034836	0	1	-3.51290949666024e-05	-0.011545442676356	0	0
3	finalLog_goTrials_model043_startVal003_started2016-08-24-T104049	SAM_goTrials_model043_startVal003_exit1_started2016-08-24-T104049	3	1033.16354645376	00:43:54.44	1	4.13107108582386	139.359712569616	0.668774821787946	0.66374054682124	0.646720652561156	0.407666358987029	0.535411904396224	0.609762251386788	0.0207755222573585	90.4916882638009	0	1	-5.22140400144692e-05	-0.0109873656154902	0	0	4.5993457640708	90.1464630211441	0.670044583656843	0.509530817002951	0.540078984254709	0.410017446721316	0.659259085741398	0.754774541746893	0.0170157539451356	91.2765492424103	0	1	-4.78565571228398e-05	-0.0127561688434245	0	0
5	finalLog_goTrials_model043_startVal005_started2016-08-24-T104052	SAM_goTrials_model043_startVal005_exit1_started2016-08-24-T104052	5	1057.77051465793	00:45:25.27	1	0.594781766147748	90.0523615897701	0.45559550953193	0.456766285674077	0.437748194495125	0.276778739688611	0.361760402891121	0.416448630503992	0.0352268029945638	54.354643041518	0	1	-0.00127020856562784	-0.0152878664986081	0	0	1.20688562240123	89.0346632726758	0.374421046426839	0.502384771668872	0.355361200052448	0.144164488403868	0.333895529135505	0.703533603767428	0.0351543388951843	47.0063162176691	0	1	-0.00157409728649547	-0.0268210891680691	0	0
6	finalLog_goTrials_model043_startVal006_started2016-08-24-T104044	SAM_goTrials_model043_startVal006_exit1_started2016-08-24-T104044	6	1178.91906871775	00:41:39.29	1	5.10251727136142	91.4429306086029	0.46614583877739	0.454362463693026	0.429884298808901	0.245844213398812	0.324757189429923	0.387292702689075	0.00835280886023735	103.652632464824	0	1	-0.000520872656229333	-0.0136531426075339	0	0	4.74826211666815	74.3621800654624	0.628409618676314	0.636413754698726	0.503312904142997	0.208937363389223	0.228743667381807	0.336448006940256	0.0107725862730037	86.3731173625575	0	1	-0.000444092688612058	-0.0135669068878266	0	0
15	finalLog_goTrials_model043_startVal015_started2016-08-24-T104035	SAM_goTrials_model043_startVal015_exit1_started2016-08-24-T104035	15	1310.48802926163	00:33:39.02	1	0.846970353418422	68.0453270514416	0.307700062250707	0.292159389390933	0.278524764879907	0.123352126537572	0.185720853504146	0.24926776299192	0.0349645447544538	65.2626305197898	0	1	-3.76327617485888e-05	-0.0176639092259908	0	0	3.57998281174777	47.7936235326576	0.233357368212889	0.484014637955223	0.222197159277942	0.197362077976396	0.268453364371368	0.131059137940971	0.0378153369998994	41.366325323105	0	1	-0.000991497464702029	-0.0223539354911483	0	0
9	finalLog_goTrials_model043_startVal009_started2016-08-24-T104036	SAM_goTrials_model043_startVal009_exit1_started2016-08-24-T104036	9	1463.08398907462	00:26:10.48	1	5.00832352967306	80.318253063942	0.531677563468927	0.521388966524744	0.49550733375928	0.302835447502978	0.407572108815155	0.4771554995866	0.0384118810352688	61.065594068157	0	1	-0.00393394377405087	-0.0232622118762111	0	0	4.85119184021047	84.7415345471978	0.422285190939312	0.529263446827198	0.674859113268534	0.347950964371187	0.485244530356049	0.439688135914717	0.0315760122509798	64.7008148936618	0	1	-0.00400613725081425	-0.047778309630137	0	0
2	finalLog_goTrials_model043_startVal002_started2016-08-24-T104048	SAM_goTrials_model043_startVal002_exit1_started2016-08-24-T104048	2	1557.85041328263	00:43:36.79	1	2.2262452907423	71.8513185355503	0.435481621581102	0.420198937556476	0.405274932376021	0.229743996277445	0.305509627996712	0.374355331007154	0.0367785484896595	99.1219635946826	0	1	-0.00254045261667101	-0.0190959363109208	0	0	2.60100990329607	69.6944898290123	0.389128253256693	0.428851233927033	0.463371338033845	0.366431652263285	0.221183537426008	0.406240797964429	0.0397788440127405	108.92313436679	0	1	-0.00262726449458242	-0.115633628117849	0	0
11	finalLog_goTrials_model043_startVal011_started2016-08-24-T104048	SAM_goTrials_model043_startVal011_exit1_started2016-08-24-T104048	11	1738.27873471413	00:47:44.89	1	3.52396006491766	103.950156546563	0.665393502137365	0.791112104486979	0.7930497837139	0.136767616335192	0.721997713026512	0.780097194365076	0.00999274962011731	11.6699445418686	0	1	-0.00466038533497304	-0.0163683401754143	0	0	1.95346759852453	154.033774974162	0.759318734849589	0.852102415713034	0.889514044713252	0.130995225044881	0.635554831104788	0.832983040662914	0.00330749992138944	4.23967366865015	0	1	-0.00319135711553032	-0.037376643873094	0	0
8	finalLog_goTrials_model043_startVal008_started2016-08-24-T104037	SAM_goTrials_model043_startVal008_exit1_started2016-08-24-T104037	8	1930.46394214031	00:29:42.12	1	2.92032603495453	58.0325007294419	0.262980169520072	0.249630942067115	0.235763796704074	0.0682630617846422	0.163059181148177	0.234208778223183	0.017652985109417	14.4645415889904	0	1	-0.00119827999490835	-0.0726523694406611	0	0	2.84778377567879	52.1011469804085	0.308919846259318	0.129503954527198	0.234505811087867	0.162923949460529	0.115692497046869	0.371819845445898	0.0168115261089408	25.4514176449572	0	1	-0.00197275995709841	-0.134893065881585	0	0
19	finalLog_goTrials_model043_startVal019_started2016-08-24-T111330	SAM_goTrials_model043_startVal019_exit1_started2016-08-24-T111330	19	1936.53292534206	00:49:06.62	1	2.03087016231673	57.8327555720783	0.373159622551792	0.351779162538646	0.337347628798639	0.143778566280809	0.252365887133352	0.319291348255767	0.0274286736838123	116.538911375285	0	1	-0.00294781222735341	-0.0263193601638967	0	0	1.52380738847467	52.4153462722888	0.171845250317026	0.304344954633872	0.661862666686196	0.183206375005782	0.40578770275008	0.207693061305933	0.0326204341453923	120.729804559709	0	1	-0.00301678441968461	-0.151261335754123	0	0
4	finalLog_goTrials_model043_startVal004_started2016-08-24-T104045	SAM_goTrials_model043_startVal004_exit1_started2016-08-24-T104045	4	1982.50118259316	00:42:08.05	1	2.73462025107417	60.6189164516778	0.358310191698788	0.343334682817138	0.327778746831427	0.135769679852153	0.22713444151263	0.302010110139519	0.0394517471350348	63.6949861007242	0	1	-0.00297748568121241	-0.0335027440018147	0	0	3.98565868638829	45.6758770062837	0.286485454571776	0.282352905797757	0.189345326655302	0.362583851096423	0.475789311170257	0.232060062036066	0.0413178193180371	97.9007170589249	0	1	-0.00295485510269636	-0.156072818517371	0	0
20	finalLog_goTrials_model043_startVal020_started2016-08-24-T111334	SAM_goTrials_model043_startVal020_exit1_started2016-08-24-T111334	20	2533.30284957763	00:45:09.09	1	3.59486415359395	71.1241182572517	0.361163801379979	0.332806300881201	0.324449401092561	0.152142462937913	0.276124270353039	0.319850232040418	0.0276938562729945	97.6782743757252	0	1	-0.00135316993266847	-0.427254953102458	0	0	2.72548655448846	82.0581640794383	0.465454785974892	0.570352002045985	0.322598927487871	0.262432175385415	0.16774119142828	0.372135317213486	0.0227327612314265	85.6349619528978	0	1	-0.00131654003851362	-0.460052511657225	0	0
16	finalLog_goTrials_model043_startVal016_started2016-08-24-T104109	SAM_goTrials_model043_startVal016_exit1_started2016-08-24-T104109	16	2657.07818768211	00:30:51.04	1	2.36672202761249	72.2224425118097	0.374606292911219	0.37061763628945	0.334115915514369	0.215509949129806	0.245256616489066	0.348443244851824	0.0366211337686146	89.7825293851647	0	1	-0.00170066706919276	-0.16605098958564	0	0	5.13854576112503	74.2666727824555	0.445405375119512	0.279676087797877	0.40828795678985	0.317475516697339	0.00628197777460097	0.335890977444958	0.0332162852412152	93.4435437250555	0	1	-0.00188053937759142	-0.24144892382278	0	0
7	finalLog_goTrials_model043_startVal007_started2016-08-24-T104040	SAM_goTrials_model043_startVal007_exit1_started2016-08-24-T104040	7	2707.00553523161	00:45:15.48	1	2.48668188818405	44.6087846773903	0.254117931850623	0.240433469756613	0.210989721737112	0.0178201696351721	0.109906843016778	0.19083716714929	0.0335378752299369	120.453120344906	0	1	-0.00122193276485085	-0.128825450664041	0	0	2.62242631180242	30.2827850085347	0.328711098866171	0.245571248560703	0.118868882460544	0.0886010147746794	0.0152468658098117	0.749873646453233	0.0272645747452315	117.077266630661	0	1	-0.00294328313451426	-0.0744555653252765	0	0
14	finalLog_goTrials_model043_startVal014_started2016-08-24-T104109	SAM_goTrials_model043_startVal014_exit1_started2016-08-24-T104109	14	2722.93118520112	00:36:57.46	1	0.729750340141396	105.8203699856	0.619281386362274	0.549551507204309	0.519465507733795	0.000813054670859084	0.485086952326483	0.521122200208049	0.0453571557321359	75.7219118165088	0	1	-0.00248999335608215	-0.435122584691726	0	0	0.405603579499157	123.843882959649	0.502118286209872	0.491710985216005	0.564765393711005	0.329485326048585	0.697549956889502	0.605662235573097	0.0357198357535041	53.691993407529	0	1	-0.00194039175600929	-0.486739769102899	0	0
18	finalLog_goTrials_model043_startVal018_started2016-08-24-T111329	SAM_goTrials_model043_startVal018_exit1_started2016-08-24-T111329	18	2758.04213989172	00:44:36.95	1	4.1026080803925	73.1266068506168	0.460059443373197	0.411461391743375	0.389649341042033	0.0876450145389894	0.334758728827073	0.396033335955742	0.0182481520359559	106.418070767983	0	1	-0.00288727235457823	-0.469872319684365	0	0	3.9372842406115	79.1512347610511	0.326100009951619	0.415962238309742	0.480088194326931	0.245801374603678	0.143636462031458	0.363931550802591	0.0138993911627814	100.079165552593	0	1	-0.0025990083487786	-0.470842354042916	0	0
12	finalLog_goTrials_model043_startVal012_started2016-08-24-T104039	SAM_goTrials_model043_startVal012_exit1_started2016-08-24-T104039	12	5054.98354192395	00:35:37.32	1	2.47111776842625	86.1116520471186	0.440540635570585	0.418989380111732	0.404834790579103	0.491493778846718	0.538636694965598	0.390895316335254	0.0437853427665602	121.691105224291	0	1	-0.00162088872040894	-0.455673212501835	0	0	2.51453829938841	93.0405548411767	0.455985138055982	0.310229332376424	0.371979949109546	0.514883708051964	0.602552782086109	0.506308112550327	0.0418894211462773	117.72012918978	0	1	-0.00192608616184725	-0.48849256879424	0	0
10	finalLog_goTrials_model043_startVal010_started2016-08-24-T104035	SAM_goTrials_model043_startVal010_exit1_started2016-08-24-T104035	10	11742.3589105736	00:23:33.95	1	1.5016004795526	49.3102452428039	0.206825883309998	0.160370936677141	0.172662070989584	0.48525228864774	0.534631758813124	0.144522626004539	0.0369737454726231	88.2415610145975	0	1	-0.000204731638653582	-0.434532730590091	0	0	1.86531043550179	41.6130395819577	0.223962628118711	0.137572216726431	0.359198629704639	0.435910488655882	0.564577768762209	0.157107490778568	0.0299459139496523	75.9402345953104	0	1	-0.000304853002890423	-0.428110091832058	0	0
17	finalLog_goTrials_model043_startVal017_started2016-08-24-T111335	SAM_goTrials_model043_startVal017_exit1_started2016-08-24-T111335	17	13817.0361301436	00:41:17.48	1	0.802784892270221	146.51267721615	0.897921494659346	0.854283722221023	0.787703010150133	0.049569825364128	0.701391336882918	0.766543037575786	0.00957024267265633	88.5219089191095	0	1	-0.00310701731919044	-0.0540507246870017	0	0	0.956044966620653	156.363401494884	0.908513134285471	0.881347750946965	0.797875716013471	0.0717681796771534	0.375234147675784	0.822190138425467	0.0112778618317533	82.6448889714081	0	1	-0.00325575758717045	-0.0475931113478156	0	0
13	finalLog_goTrials_model043_startVal013_started2016-08-24-T104046	SAM_goTrials_model043_startVal013_exit1_started2016-08-24-T104046	13	57180.4852686032	00:28:04.82	1	1.39231243808267	121.596579344423	0.819776093815135	0.798686749229635	0.69397551111111	0.0121910121722915	0.00409383933564111	0.695191384928966	0.0450440569870499	114.541641172167	0	1	-0.00343427617273994	-0.385717141920911	0	0	2.14598548576441	128.948909685105	0.849827592709079	0.647877891571215	0.634328189153933	0.16485114785538	0.0016610552089761	0.609280122178418	0.0417534943783666	84.3188588929062	0	1	-0.00286057500126664	-0.307061575670504	0	0
