FileIndex	FileNameLog	FileNameSAM	StartValueIndex	FunctionValue	ElapsedTime	ExitFlag	BestX_ 1	BestX_ 2	BestX_ 3	BestX_ 4	BestX_ 5	BestX_ 6	BestX_ 7	BestX_ 8	BestX_ 9	BestX_10	BestX_11	BestX_12	BestX_13	BestX_14	BestX_15	StartX_ 1	StartX_ 2	StartX_ 3	StartX_ 4	StartX_ 5	StartX_ 6	StartX_ 7	StartX_ 8	StartX_ 9	StartX_10	StartX_11	StartX_12	StartX_13	StartX_14	StartX_15
17	finalLog_goTrials_model079_startVal017_started2017-04-19-T221604	SAM_goTrials_model079_startVal017_exit1_started2017-04-19-T221604	17	736.156197031252	00:27:43.45	1	0.886914839394989	80.2652893672188	115.544342000744	0.39790420035135	0.358930687467485	0.226043751557524	0.304954094487637	0.0172732733959335	21.6775531958827	0	1	-0.00242381329372236	0	0	0	1.02824522567087	64.1846521015607	114.22791662297	0.368831799179384	0.310295782715656	0.323781779878523	0.316226482315057	0.0146215484922836	13.9562830913772	0	1	-0.00198885187865685	0	0	0
4	finalLog_goTrials_model079_startVal004_started2017-04-19-T215919	SAM_goTrials_model079_startVal004_exit1_started2017-04-19-T215919	4	737.414715431068	00:26:56.04	1	0.118955763748191	41.612223514175	84.9038676554749	0.185012188049066	0.146764614453932	0.0250748666509508	0.0931253992630163	0.0149406199634891	47.2675936058879	0	1	-0.000152075707884614	0	0	0	1.74025498618649	20.7598718086113	83.5922684802074	0.208594579389315	0.141999726779276	0.0146161277862438	0.0825584830537594	0.0162113625336634	51.3961826133059	0	1	-0.000574517685316901	0	0	0
8	finalLog_goTrials_model079_startVal008_started2017-04-19-T220225	SAM_goTrials_model079_startVal008_exit1_started2017-04-19-T220225	8	759.546361174926	00:51:53.18	1	0.600931157657297	50.0734861366239	96.1557882636825	0.208226069492456	0.170043217302163	0.0102863226798553	0.11576628845153	0.0171422345219044	1.228347536171	0	1	-0.00029353496405987	0	0	0	8.7511934086197	15.9313368855957	44.1668790143106	0.0825194751334395	0.0562018518094729	0.0018230794854853	0.0288973765127618	0.0161864526865798	6.47374931766321	0	1	-0.00126933817981801	0	0	0
11	finalLog_goTrials_model079_startVal011_started2017-04-19-T220649	SAM_goTrials_model079_startVal011_exit1_started2017-04-19-T220649	11	760.294658034515	00:32:26.05	1	3.49370618300156	83.0675801183003	120.891492461857	0.369948844411473	0.331770849798	0.204262489940606	0.275547953168815	0.0145397599675135	25.5050041872446	0	1	-0.00188514947588704	0	0	0	5.34524201533811	75.9015178635273	116.84024490732	0.354880020173977	0.291437562515397	0.306288015573144	0.277941952097609	0.012102369074565	8.71678097794696	0	1	-0.00179943837238014	0	0	0
18	finalLog_goTrials_model079_startVal018_started2017-04-19-T220828	SAM_goTrials_model079_startVal018_exit1_started2017-04-19-T220828	18	777.831406904977	00:37:37.75	1	3.51470797068983	85.7731012529869	121.848754824339	0.431810802844717	0.392462130862799	0.233624297978217	0.33655854476256	0.0197439207376503	6.37321164285231	0	1	-0.00260372629531578	0	0	0	26.6251832011952	40.6599557033158	121.548239894355	0.393502143699778	0.3947157036345	0.146623295790387	0.332212691806697	0.019335454691998	27.9125271863659	0	1	-0.00221217980584894	0	0	0
1	finalLog_goTrials_model079_startVal001_started2017-04-19-T220102	SAM_goTrials_model079_startVal001_exit1_started2017-04-19-T220102	1	792.06058423531	00:27:16.98	1	3.64580998046836	75.6354138668984	105.224664118471	0.3328022328356	0.290473060981864	0.16004170322821	0.23270978816972	0.0169863621099288	75.2680378951211	0	1	-0.00181036218811089	0	0	0	4.34507747932108	92.2496051623084	95.5339362257552	0.291300302496908	0.269528577249071	0.252114749649803	0.214157699980373	0.00657662295920709	94.8711407008904	0	1	-0.00196479700619079	0	0	0
9	finalLog_goTrials_model079_startVal009_started2017-04-19-T220220	SAM_goTrials_model079_startVal009_exit1_started2017-04-19-T220220	9	802.666180551767	00:38:31.16	1	0.284240184817922	82.0685929459681	110.380353123209	0.316108665917827	0.274728061045665	0.104241654656902	0.215655224394949	0.0198115332395395	87.8862502724047	0	1	-0.00132559494163849	0	0	0	33.2860981970909	37.4337727140382	101.901412405061	0.371596035718115	0.353970608298387	0.0152450922000749	0.262198158418917	0.0177250980558003	108.052308695259	0	1	-0.00256868904695899	0	0	0
2	finalLog_goTrials_model079_startVal002_started2017-04-19-T215624	SAM_goTrials_model079_startVal002_exit1_started2017-04-19-T215624	2	812.289222429479	00:23:24.60	1	17.4549185662248	65.6224729737465	98.9991228222307	0.25069506903431	0.214319205226785	0.0988680604726311	0.163031150548335	0.0118043518606175	54.5883298667899	0	1	-0.00106477807622291	0	0	0	15	47	100	0.23	0.21	0.17	0.17	0.01	56	0	1	-0.001	0	0	0
7	finalLog_goTrials_model079_startVal007_started2017-04-19-T220225	SAM_goTrials_model079_startVal007_exit1_started2017-04-19-T220225	7	862.287715512344	00:37:36.16	1	19.5032624538542	58.9963037445279	94.71535030235	0.239667757336669	0.198709459304269	0.0777233188773752	0.144611521221597	0.0129025202312058	80.8937487612483	0	1	-0.000926971040805168	0	0	0	21.9914989309384	32.2666571124696	92.3217394487644	0.27013746808118	0.23166139812254	0.140393305662309	0.168426234983896	0.0101435863926955	65.9244845712236	0	1	-0.000978997884873475	0	0	0
3	finalLog_goTrials_model079_startVal003_started2017-04-19-T215630	SAM_goTrials_model079_startVal003_exit1_started2017-04-19-T215630	3	864.129492055374	00:27:26.88	1	34.7040368111373	98.7535382849247	142.046458690679	0.281655431435108	0.239701785452889	0.0916406827971841	0.180494814077007	0.0198370609691647	56.6796878417994	0	1	-0.000293119463942378	0	0	0	33.6076487663468	97.3888943241224	152.314350764518	0.257757958951629	0.217522169171257	0.103658537371508	0.206561130849798	0.0191541072008053	63.8733774322669	0	1	-0.000146890860201801	0	0	0
6	finalLog_goTrials_model079_startVal006_started2017-04-19-T215922	SAM_goTrials_model079_startVal006_exit1_started2017-04-19-T215922	6	923.095593611013	00:33:29.60	1	20.5895972901462	64.1336483991625	88.460321464162	0.282295817533965	0.237897948196673	0.105775634489256	0.183647621111519	0.0141784403553694	93.8298724057849	0	1	-0.00186957072014506	0	0	0	19.2339037455319	70.5290657731626	93.5034037676455	0.32210353389715	0.285681465068182	0.0277745027560675	0.170849437751569	0.0155279851055563	85.2250983122592	0	1	-0.0024576105897551	0	0	0
5	finalLog_goTrials_model079_startVal005_started2017-04-19-T220216	SAM_goTrials_model079_startVal005_exit1_started2017-04-19-T220216	5	931.773602927453	00:29:14.30	1	0.0562961937689149	52.835435103803	81.4666320649252	0.329676851268374	0.280026393758154	0.147462781251414	0.226467413461019	0.0175352506852375	97.7991302259409	0	1	-0.00287164972864709	0	0	0	23.2705717337361	62.3880602992105	78.2543107815172	0.297527706568063	0.302740394952651	0.0850499264029172	0.214780345791944	0.0156842424646596	68.9962225957289	0	1	-0.00359331781968561	0	0	0
15	finalLog_goTrials_model079_startVal015_started2017-04-19-T215928	SAM_goTrials_model079_startVal015_exit1_started2017-04-19-T215928	15	1034.5478443837	00:27:18.27	1	3.79239322574471	27.0659550061166	67.8445223500885	0.17310752406278	0.138148577619101	0.0439809478673546	0.0794164998855987	0.0199772187708887	57.4995128877853	0	1	-0.000744168092787324	0	0	0	11.364802068733	14.4254073511538	45.6640952037968	0.0978114850835109	0.135569084544137	0.0956878445026236	0.0603822997491043	0.0191856548469661	17.8493215828101	0	1	-0.00202625950163026	0	0	0
14	finalLog_goTrials_model079_startVal014_started2017-04-19-T220823	SAM_goTrials_model079_startVal014_exit1_started2017-04-19-T220823	14	1050.07693249917	00:33:06.15	1	2.77992232791385	36.1443879651165	75.5676822769778	0.318252748748322	0.278731456111355	0.132404622958175	0.227335201984057	0.0150044245007177	45.5856851050732	0	1	-0.0033634387437215	0	0	0	6.09601352317096	1.54667556551542	76.4076285482139	0.28174095855908	0.224425877060611	0.208054530744605	0.135764462180865	0.00913120767591056	47.6079272348588	0	1	-0.00255117989753579	0	0	0
12	finalLog_goTrials_model079_startVal012_started2017-04-19-T220509	SAM_goTrials_model079_startVal012_exit1_started2017-04-19-T220509	12	1081.73109359259	00:36:44.12	1	0.607043834531074	81.9295551796844	104.120140595334	0.438797951873164	0.400556475924238	0.0179628280865089	0.338147351233768	0.00221876338761449	58.4702977802909	0	1	-0.00336949855874775	0	0	0	31.0824146284897	49.4270346641624	62.6273054840228	0.383908234454615	0.352498562916177	0.0835881616213081	0.272624892979503	0.00815866139382342	57.9610079487474	0	1	-0.00544223279201447	0	0	0
16	finalLog_goTrials_model079_startVal016_started2017-04-19-T221227	SAM_goTrials_model079_startVal016_exit1_started2017-04-19-T221227	16	1139.42704467248	00:31:01.36	1	26.6551362876635	56.6085609325066	88.4831997713749	0.244767297114382	0.208257358868434	0.0546421980497747	0.181265254286234	0.0068962383420209	30.715631556349	0	1	-0.00160055770352857	0	0	0	27.3929014978179	75.2471403293186	80.4135338866802	0.296301032861426	0.215563254310485	0.0390942774110352	0.120253980189434	0.00721495728392711	28.064197448964	0	1	-0.00258827671716935	0	0	0
19	finalLog_goTrials_model079_startVal019_started2017-04-19-T220826	SAM_goTrials_model079_startVal019_exit1_started2017-04-19-T220826	19	1142.47236070705	00:28:04.03	1	10.5447577466725	74.0248913487021	96.6811029568323	0.380151945072945	0.336095598941291	0.00816301899160709	0.28279123466521	0.00757599604842613	66.9359072343068	0	1	-0.00299282353389938	0	0	0	11.7547141136924	79.7012596273313	94.8430320963744	0.418329282199977	0.336554427178899	0.00931560936774113	0.22649112445087	0.00673636531888747	55.6535585194548	0	1	-0.00300209836476236	0	0	0
10	finalLog_goTrials_model079_startVal010_started2017-04-19-T220216	SAM_goTrials_model079_startVal010_exit1_started2017-04-19-T220216	10	1212.80838259283	00:27:52.45	1	0.135642838459029	35.1598723905459	60.087739743259	0.299048792205824	0.26218016238069	0.1317376204065	0.20289335749702	0.00915616266365667	109.049353969889	0	1	-0.00428727054809495	0	0	0	15.6930519223273	13.7262481876669	59.6998894118479	0.27861880952419	0.254248339176915	0.0884048214609482	0.274504166726435	0.00747193264461835	75.7320612366279	0	1	-0.00424718013321705	0	0	0
13	finalLog_goTrials_model079_startVal013_started2017-04-19-T220218	SAM_goTrials_model079_startVal013_exit1_started2017-04-19-T220218	13	1215.03383547993	00:45:29.34	1	17.2393150750578	59.9268750774286	81.9914859148843	0.399112277023459	0.368403197819617	0.220347941641232	0.325093468648363	4.54940219221656e-06	31.6206630280487	0	1	-0.00446499033141104	0	0	0	1.52267236098021	20.0803025396873	56.9315841850826	0.366926062608025	0.345069108715679	0.15953228958166	0.230109340370477	0.00802962156680396	56.9985735533386	0	1	-0.00566680434004911	0	0	0
20	finalLog_goTrials_model079_startVal020_started2017-04-19-T221602	SAM_goTrials_model079_startVal020_exit1_started2017-04-19-T221602	20	1624.17393491167	00:29:48.90	1	9.86650455431511	40.0811863059755	71.3638745578723	0.390015346015188	0.361083143904884	0.0011683271653315	0.290778435759612	0.0179449934375298	86.9236700041833	0	1	-0.00501473488524701	0	0	0	8.65871079445086	38.4675668018396	54.6861066948157	0.349976939738507	0.342490647718423	0.0126375935378575	0.188763584494877	0.0119507993452391	78.732509401046	0	1	-0.00593082557062209	0	0	0
