FileIndex	FileNameLog	FileNameSAM	StartValueIndex	FunctionValue	ElapsedTime	ExitFlag	BestX_ 1	BestX_ 2	BestX_ 3	BestX_ 4	BestX_ 5	BestX_ 6	BestX_ 7	BestX_ 8	BestX_ 9	BestX_10	BestX_11	BestX_12	BestX_13	BestX_14	StartX_ 1	StartX_ 2	StartX_ 3	StartX_ 4	StartX_ 5	StartX_ 6	StartX_ 7	StartX_ 8	StartX_ 9	StartX_10	StartX_11	StartX_12	StartX_13	StartX_14
6	finalLog_goTrials_model043_startVal006_started2017-04-19-T213053	SAM_goTrials_model043_startVal006_exit1_started2017-04-19-T213053	6	1473.40126052071	00:20:54.43	1	15.0809915932021	56.4040632405192	0.161849223143036	0.128892833754837	0.00942878366753804	0.0829896968471367	0.00230492944497603	67.2267821844414	0	1	-0.00118658487466706	0	0	0	18.5129430919965	56.4351741363238	0.157525752656587	0.141850037713442	0.00653238588305576	0.071931834180325	0.00360944876836892	54.1618653962234	0	1	-0.00173781977848096	0	0	0
7	finalLog_goTrials_model043_startVal007_started2017-04-19-T213519	SAM_goTrials_model043_startVal007_exit1_started2017-04-19-T213519	7	1479.50351816196	00:22:08.77	1	4.09874055618097	53.4110000440888	0.201675593156324	0.16327219366653	0.0750793249189433	0.112047032330562	0.00695852045732666	91.7911677924144	0	1	-0.00248595378986546	0	0	0	4.71659588880748	51.8376733028019	0.211952556680972	0.154099059874008	0.0860562114724664	0.084474781414241	0.00714240774264649	84.5315986649519	0	1	-0.00257317439275934	0	0	0
19	finalLog_goTrials_model043_startVal019_started2017-04-19-T213729	SAM_goTrials_model043_startVal019_exit1_started2017-04-19-T213729	19	1479.64985674086	00:21:13.35	1	38.3289022556999	82.3032509019625	0.168152043234764	0.134281428079362	0.00520952818117529	0.0790808613011432	0.0090582897264279	25.2463604212301	0	1	-0.00033728567255996	0	0	0	38.9851405911237	82.8863551852325	0.194205753290553	0.0979348107767191	0.00399224040976461	0.0854592596996825	0.00824549767336897	14.248672836595	0	1	-0.000481075356143538	0	0	0
8	finalLog_goTrials_model043_startVal008_started2017-04-19-T213346	SAM_goTrials_model043_startVal008_exit1_started2017-04-19-T213346	8	1481.38235138327	00:25:23.53	1	23.2698075064355	61.4750895890265	0.193823204232258	0.160236613292696	0.0429025446502132	0.109115714307248	0.00437027126699855	119.312625569019	0	1	-0.00161141740510489	0	0	0	27.6104297729997	63.4680128602508	0.210234548161828	0.163237395545936	0.04164766934677	0.0756065815419494	0.00395989865754689	107.895523047776	0	1	-0.00193567584919441	0	0	0
1	finalLog_goTrials_model043_startVal001_started2017-04-19-T213050	SAM_goTrials_model043_startVal001_exit1_started2017-04-19-T213050	1	1482.69697670626	00:20:08.21	1	19.5997115813928	61.1794490812324	0.162531329106489	0.128925578046811	0.0326367093299194	0.0784607774959917	0.0116777491374989	75.5111765491768	0	1	-0.000932631914233494	0	0	0	20	60	0.16	0.12	0.05	0.08	0.01	71	0	1	-0.001	0	0	0
5	finalLog_goTrials_model043_startVal005_started2017-04-19-T213345	SAM_goTrials_model043_startVal005_exit1_started2017-04-19-T213345	5	1494.77569970274	00:24:40.64	1	10.8773186354471	54.4195848634244	0.187118600450188	0.152884332775708	0.0566437424810795	0.110516733758858	0.000564746809839323	58.4005255721841	0	1	-0.0021965766020732	0	0	0	22.787525281491	53.4896311881127	0.181643101122359	0.163773798369591	0.0489131579121145	0.0914143180693725	0.000517278324961818	36.3212910433543	0	1	-0.00241570982906823	0	0	0
2	finalLog_goTrials_model043_startVal002_started2017-04-19-T213051	SAM_goTrials_model043_startVal002_exit1_started2017-04-19-T213051	2	1494.83809318697	00:22:47.41	1	17.3115516908296	71.1173564253698	0.190704051566453	0.157802623746936	0.0612086139727017	0.106723719920526	0.0129006671613688	0.207319917666662	0	1	-0.00114659372741003	0	0	0	10.8685987424662	69.1533760301171	0.199742001347676	0.153116936332749	0.0834640614161083	0.0919108824510966	0.0121974112862295	20.6187644853099	0	1	-0.000991521708330042	0	0	0
10	finalLog_goTrials_model043_startVal010_started2017-04-19-T213352	SAM_goTrials_model043_startVal010_exit1_started2017-04-19-T213352	10	1497.21001008695	00:31:24.66	1	25.7048826030268	67.6474638247259	0.204686245209226	0.165978303782895	0.0495092357631308	0.112438667836327	0.0140582317850734	66.7137024539464	0	1	-0.00155768740213191	0	0	0	33.9784694553188	65.8279559828356	0.194373053166379	0.136861408529377	0.0398458234911806	0.13603583715666	0.0132278926109021	67.7168710635762	0	1	-0.00189135782291714	0	0	0
14	finalLog_goTrials_model043_startVal014_started2017-04-19-T214106	SAM_goTrials_model043_startVal014_exit1_started2017-04-19-T214106	14	1497.89169147115	00:55:13.21	1	19.474380480556	59.4674009389102	0.194755473762015	0.153507245228185	0.0588311071949876	0.108618764872656	0.00697230433255291	114.889629815493	0	1	-0.00168158697956638	0	0	0	6.0269062944587	62.9564814475573	0.181577617975015	0.162045875002973	0.0631622378349663	0.133593088146246	0.00732202379146422	126.333317751285	0	1	-0.0011521504324651	0	0	0
4	finalLog_goTrials_model043_startVal004_started2017-04-19-T213349	SAM_goTrials_model043_startVal004_exit1_started2017-04-19-T213349	4	1508.56198726827	00:22:34.41	1	11.3135571000847	58.0944740344936	0.200422832401004	0.164517109199763	0.0688194421477216	0.119285073351378	0.00599757334669151	67.7265025165128	0	1	-0.00206949904509793	0	0	0	13.226515463598	57.9049548070349	0.180042853179508	0.169599653554399	0.0598102153354109	0.127904438582759	0.00545866014716399	68.4557985039409	0	1	-0.00192047628909742	0	0	0
11	finalLog_goTrials_model043_startVal011_started2017-04-19-T213341	SAM_goTrials_model043_startVal011_exit1_started2017-04-19-T213341	11	1509.15311657778	00:19:03.71	1	30.5102903699506	77.7848166323861	0.177294169662392	0.141581480662616	0.0600900209319414	0.0911464101849743	0.0090705092769262	42.3442172494533	0	1	-0.000551825625372691	0	0	0	34.2936527870911	74.0994032385296	0.15283009051068	0.114983260413096	0.0586281789946958	0.0923042059861012	0.0138680706749401	30.7054252932974	0	1	-0.000870437687218714	0	0	0
3	finalLog_goTrials_model043_startVal003_started2017-04-19-T213059	SAM_goTrials_model043_startVal003_exit1_started2017-04-19-T213059	3	1509.67933231404	00:20:14.56	1	11.8646446234114	52.7150644236391	0.180090648538661	0.143769301250747	0.00688473432359975	0.0946846141521274	0.00530743653114606	111.264914766425	0	1	-0.00192593546026977	0	0	0	25.2251787309698	51.7813419482269	0.174683586845066	0.144608942690279	0.00268603841526058	0.077949360390469	0.00410633557772702	103.422573083492	0	1	-0.00238057040506272	0	0	0
15	finalLog_goTrials_model043_startVal015_started2017-04-19-T213734	SAM_goTrials_model043_startVal015_exit1_started2017-04-19-T213734	15	1510.32978747494	00:35:01.85	1	17.833558623831	59.6819542057857	0.182666344458793	0.151579706378388	0.00715691980347365	0.10006826544225	0.00934555522348883	73.8664333174998	0	1	-0.00158424020645744	0	0	0	15.191273882342	63.7157342805938	0.182834307965043	0.14574177261217	0.00281335680082572	0.134956855244337	0.00768095092007002	50.2780125169593	0	1	-0.000896101963122138	0	0	0
9	finalLog_goTrials_model043_startVal009_started2017-04-19-T213727	SAM_goTrials_model043_startVal009_exit1_started2017-04-19-T213727	9	1526.07489663449	00:20:33.07	1	19.4641215214487	63.4857166922098	0.16883356099442	0.128909876143134	0.0527959341237909	0.0813668703798352	0.0070963142119433	75.7663069348488	0	1	-0.000839307364864144	0	0	0	13.6420395256779	65.9687313323791	0.156589792267553	0.112896837872979	0.0605088046002887	0.0842953395219783	0.00605920714514619	72.695563925665	0	1	-0.000619499752537848	0	0	0
17	finalLog_goTrials_model043_startVal017_started2017-04-19-T213858	SAM_goTrials_model043_startVal017_exit1_started2017-04-19-T213858	17	1529.13803652247	00:22:07.72	1	10.4517937287087	58.1720467742589	0.184468331723088	0.148764733110077	0.00872745859785604	0.0916477880697519	0.0160831767863317	103.840937746103	0	1	-0.00138316811385318	0	0	0	7.79352427388896	62.9337456876255	0.19380314766765	0.136422321366248	0.00832733290864999	0.0785867653636914	0.0149279790271286	117.085444519565	0	1	-0.00148202435450608	0	0	0
18	finalLog_goTrials_model043_startVal018_started2017-04-19-T213858	SAM_goTrials_model043_startVal018_exit1_started2017-04-19-T213858	18	1531.29160450279	00:18:38.11	1	23.7404438200599	66.7981075977633	0.206022133387134	0.170540153627564	0.097399647746839	0.118536108472896	0.00113349611980841	43.3577761271129	0	1	-0.00172434972717107	0	0	0	24.0268565260854	63.6696887707272	0.210202452846384	0.156387086073058	0.0974733371452577	0.111217883478991	0.00101284803072321	37.6058024770547	0	1	-0.00155253167284376	0	0	0
16	finalLog_goTrials_model043_startVal016_started2017-04-19-T213732	SAM_goTrials_model043_startVal016_exit1_started2017-04-19-T213732	16	1533.37651830617	00:26:38.46	1	29.3770292011665	75.1450678021497	0.186458845802013	0.150172627887034	0.0525781824949127	0.0954073676637224	0.015651390332956	43.9503096027997	0	1	-0.00086658914107427	0	0	0	8.25800200817714	79.2525559575122	0.200509111985688	0.173482456479948	0.0618806404154405	0.105964714754658	0.0146473149557147	55.3915643859171	0	1	-0.000610966128170174	0	0	0
13	finalLog_goTrials_model043_startVal013_started2017-04-19-T214027	SAM_goTrials_model043_startVal013_exit1_started2017-04-19-T214027	13	1541.19767004046	00:37:00.79	1	26.5316925421449	65.2329401411513	0.146518633228079	0.112726147325759	0.0400070144275824	0.0516738666839097	0.00564324071307982	100.831368078645	0	1	-0.000229492509500356	0	0	0	26.9924053464605	65.0199324181464	0.14735261148125	0.11045672930697	0.0378094688551876	0.0409129635157344	0.00663691892131602	104.89158206958	0	1	-0.000864625352382536	0	0	0
12	finalLog_goTrials_model043_startVal012_started2017-04-19-T213858	SAM_goTrials_model043_startVal012_exit1_started2017-04-19-T213858	12	1548.56469168534	00:20:12.30	1	15.5469473087595	58.1131874165918	0.154350626364795	0.115858221002188	0.00788020801946033	0.0597435957854751	0.0190861949731698	140.185077479572	0	1	-0.000353945679388456	0	0	0	9.3955004855541	53.3274512831046	0.12300537773559	0.109803888150026	0.0811400915940856	0.08728623165899	0.0173603526505609	131.429359638434	0	1	-0.00052338635660561	0	0	0
20	finalLog_goTrials_model043_startVal020_started2017-04-19-T213728	SAM_goTrials_model043_startVal020_exit1_started2017-04-19-T213728	20	1886.84795666225	00:22:27.62	1	3.83053200347419	59.5583602409767	0.269018333061782	0.235294092514037	0.0142856238758011	0.159997129668661	0.0176929531907951	34.2168229688407	0	1	-0.00378313056370535	0	0	0	7.90510633540474	54.1649825644138	0.267208789035092	0.230799139246384	0.0157113287977468	0.157628768132622	0.0174268976540165	22.0747232338713	0	1	-0.00386181242785449	0	0	0
