FileIndex	FileNameLog	FileNameSAM	StartValueIndex	FunctionValue	ElapsedTime	ExitFlag	BestX_ 1	BestX_ 2	BestX_ 3	BestX_ 4	BestX_ 5	BestX_ 6	BestX_ 7	BestX_ 8	BestX_ 9	BestX_10	BestX_11	BestX_12	BestX_13	BestX_14	BestX_15	BestX_16	BestX_17	StartX_ 1	StartX_ 2	StartX_ 3	StartX_ 4	StartX_ 5	StartX_ 6	StartX_ 7	StartX_ 8	StartX_ 9	StartX_10	StartX_11	StartX_12	StartX_13	StartX_14	StartX_15	StartX_16	StartX_17
13	finalLog_goTrials_model049_startVal013_started2015-12-04-T161510	SAM_goTrials_model049_startVal013_exit1_started2015-12-04-T161510	13	349.203520639756	00:44:29.65	1	2.99459465560338	17.9274385530371	59.1507380058862	0.336634458341575	0.31797100279078	0.302262552834242	0.221351561972743	0.243733633063069	0.260798798353651	0	12.8013791822906	0	1	-0.00408101248817213	0	0	-0.120283193041345	32.0942823588473	26.8519643264323	48.2733183283603	0.21550820545445	0.31238952054288	0.276965122584384	0.167201682005016	0.279769144790316	0.207618956217436	0	9.69362307927201	0	1	-0.00355510705426349	0	0	-0.303073833028158
2	finalLog_goTrials_model049_startVal002_started2015-12-04-T161454	SAM_goTrials_model049_startVal002_exit1_started2015-12-04-T161454	2	367.851218986499	00:40:55.14	1	3.52645869440607	18.1001301110667	53.1341797619908	0.292471320578127	0.273735031677798	0.256680671075951	0.181719020176836	0.202786230278168	0.215018355777909	0	33.0100642416734	0	1	-0.00346586340217991	0	0	-0.165643047664991	17.9421890031472	15.9829479878601	49.9520493146811	0.314039230704721	0.277660707243823	0.276610269826434	0.192604785571245	0.151894478625646	0.210753076931803	0	23.7447500669767	0	1	-0.00386535853502457	0	0	-0.231981041724583
6	finalLog_goTrials_model049_startVal006_started2015-12-04-T161507	SAM_goTrials_model049_startVal006_exit1_started2015-12-04-T161507	6	377.750555897571	00:39:37.83	1	1.66067041609572	16.1390003795059	50.4143771754486	0.279661906569167	0.26785983082294	0.248667423375936	0.201490013488284	0.209774739184962	0.216942140258818	0	28.1654067498348	0	1	-0.000655949596866074	0	0	-0.563002828492897	1.29172761590793	30.2606372554357	53.1492595105561	0.331927044861916	0.273976092066764	0.245459766619936	0.266763082630557	0.154651938277252	0.164281077416487	0	22.3931378567867	0	1	-0.000954041970717132	0	0	-0.605574509049533
9	finalLog_goTrials_model049_startVal009_started2015-12-04-T161451	SAM_goTrials_model049_startVal009_exit1_started2015-12-04-T161451	9	397.180446341807	00:35:49.68	1	25.1365077501829	33.4546284582784	63.2740239648708	0.245174972521399	0.221420844943195	0.20668747211365	0.12627282672435	0.150804140069979	0.163585018110395	0	53.0048445580067	0	1	-0.00172645200811408	0	0	-0.115291163662178	32.6786022098417	27.2016040489263	62.7851972696345	0.299375187157707	0.197523109477133	0.224595893046282	0.152855147633191	0.129683339681098	0.121096513965604	0	51.8191334421781	0	1	-0.00175626031118704	0	0	-0.150782511117137
14	finalLog_goTrials_model049_startVal014_started2015-12-04-T161507	SAM_goTrials_model049_startVal014_exit1_started2015-12-04-T161507	14	401.323041479378	00:38:34.01	1	19.8725532853383	27.3437334040532	60.0004394364794	0.297620105990668	0.277870019304475	0.260271773296526	0.204386851314204	0.21364795427521	0.228195337923443	0	54.3678949293185	0	1	-0.00182127070793649	0	0	-0.344609792467035	37.1187278622485	27.6147297768065	64.7913730384169	0.353179599826471	0.25976411030998	0.246460816251666	0.159868951933424	0.177338216114131	0.258929508640403	0	50.469647022737	0	1	-0.00230728659757787	0	0	-0.407946651107587
10	finalLog_goTrials_model049_startVal010_started2015-12-04-T161451	SAM_goTrials_model049_startVal010_exit1_started2015-12-04-T161451	10	402.448575314092	00:45:26.03	1	0.924085138139987	22.4239688157866	50.2436050168127	0.289881877757211	0.298303168927038	0.295831995606033	0.195786176591438	0.238563801830796	0.263101373640987	0	26.4776051766413	0	1	-4.12213388976748e-05	0	0	-0.69928153222784	31.7731622321284	6.79804795373114	59.4814328835179	0.220614231036758	0.155951117619657	0.328008500671288	0.234920822473477	0.151158282221288	0.281678229328938	0	40.3578718419549	0	1	-9.36208069058156e-06	0	0	-0.645537527653229
19	finalLog_goTrials_model049_startVal019_started2015-12-04-T161442	SAM_goTrials_model049_startVal019_exit1_started2015-12-04-T161442	19	410.595624360742	00:42:40.49	1	0.128600864094702	9.48431895898317	47.2677387374332	0.159017248638955	0.152945317534704	0.141954088802667	0.0395961588968724	0.0926743482337105	0.110156759093155	0	31.29000284312	0	1	-1.68865457691866e-05	0	0	-0.337018725792313	10.2731753959841	12.0767962490904	32.983578097828	0.16484915333904	0.123209172031313	0.110169488985793	0.0220499538571781	0.0921026331035797	0.141207741759663	0	22.6293633572801	0	1	-4.42643135006313e-05	0	0	-0.598439976237316
12	finalLog_goTrials_model049_startVal012_started2015-12-04-T161459	SAM_goTrials_model049_startVal012_exit1_started2015-12-04-T161459	12	421.339229744497	00:41:25.59	1	19.0792534065136	24.5831920814736	60.093106385949	0.31348233935563	0.309529278903392	0.294592690628439	0.213297794419679	0.248545819495423	0.263150958390257	0	52.2339353016762	0	1	-0.00175666322556339	0	0	-0.423294694777675	31.1644032047267	17.3053864289292	62.7505780558609	0.269311468636877	0.246413609043093	0.270521440933153	0.298436967559601	0.233846899190846	0.225030856716905	0	46.9441175748499	0	1	-0.00110285426820733	0	0	-0.320991262553511
1	finalLog_goTrials_model049_startVal001_started2015-12-04-T161437	SAM_goTrials_model049_startVal001_exit1_started2015-12-04-T161437	1	428.160969247449	00:43:34.52	1	29.8277343859822	39.0418081626804	72.4822941225976	0.247615908809499	0.227016836767323	0.211426337352542	0.14784550563104	0.153236426597121	0.170584010520304	0	18.7084694029144	0	1	-0.00107811272479404	0	0	-0.184794654348505	47	24	75	0.23	0.21	0.19	0.17	0.17	0.17	0	30	0	1	-0.001	0	0	-0.15
18	finalLog_goTrials_model049_startVal018_started2015-12-04-T161507	SAM_goTrials_model049_startVal018_exit1_started2015-12-04-T161507	18	439.822159696243	00:55:41.20	1	19.6592512072298	28.8443047937351	65.0886040794891	0.387197001756672	0.346641198709161	0.333024403433932	0.322314730114573	0.296490453001374	0.300437621698003	0	5.88150551286384	0	1	-0.000488995481657959	0	0	-0.634909221983334	58.7988887171318	6.87996015128166	108.404801511367	0.307571657576452	0.285116479469357	0.281255734164804	0.180166183464005	0.330437424009862	0.328873667107387	0	24.1933192171394	0	1	-0.000226314611389504	0	0	-0.256967470178447
15	finalLog_goTrials_model049_startVal015_started2015-12-04-T161428	SAM_goTrials_model049_startVal015_exit1_started2015-12-04-T161428	15	442.281033740599	00:48:22.93	1	1.18722563017119	11.0414376757919	48.599155087909	0.315804019891289	0.350324840479441	0.35475234027714	0.224629065853539	0.299303495966235	0.331461901763149	0	12.3948801660992	0	1	-0.000271245890078366	0	0	-0.741418203789202	11.2630327348469	25.636496038066	44.860484444747	0.230731536705114	0.228103268117993	0.328353661976074	0.229245502150316	0.177362165883155	0.310263960191713	0	14.7745877998933	0	1	-0.000808370080839197	0	0	-0.748550850323396
20	finalLog_goTrials_model049_startVal020_started2015-12-04-T161515	SAM_goTrials_model049_startVal020_exit1_started2015-12-04-T161515	20	457.779833321211	00:42:28.17	1	18.0000684560107	42.4322955481877	60.0162121031394	0.240198979640595	0.220292357793985	0.203266275192333	0.105988551485676	0.124484289840169	0.147190710378725	0	52.4110628618428	0	1	-0.00171234196966382	0	0	-0.141783967592853	14.2096968634781	49.5130222700755	51.5386204480347	0.261503287100127	0.24802775518778	0.204837627709844	0.103273104174615	0.133704643928064	0.0995474910579721	0	45.387364671066	0	1	-0.00153163495043552	0	0	-0.192387458275308
17	finalLog_goTrials_model049_startVal017_started2015-12-04-T161454	SAM_goTrials_model049_startVal017_exit1_started2015-12-04-T161454	17	459.831033148796	00:54:18.31	1	48.9887425105319	52.8803162784241	89.2122465735137	0.392079183910467	0.366458439227913	0.34936529242744	0.271798805231656	0.298473371543765	0.31168459090553	0	1.18520928461981	0	1	-0.00293749461172362	0	0	-0.091382466995519	80.3464653699652	28.0328907154067	101.434513542338	0.319486909965392	0.368718687044704	0.327160653859458	0.201653386730509	0.291350079136209	0.253170022462073	0	43.8443558612209	0	1	-0.00190372529402016	0	0	-0.0432055287240665
4	finalLog_goTrials_model049_startVal004_started2015-12-04-T161502	SAM_goTrials_model049_startVal004_exit1_started2015-12-04-T161502	4	498.29116467904	00:40:00.61	1	39.575013677501	45.4726750566984	85.406683726663	0.254745016502599	0.254013031169045	0.238824463028657	0.135437765665739	0.193556952945243	0.2032195470888	0	10.7227136914553	0	1	-2.49422719808112e-06	0	0	-0.429021618141977	63.2930524577363	39.8191205959719	86.9788895662915	0.247668481863355	0.26365596205617	0.177379594042141	0.122782371152	0.250809670793102	0.208771246245383	0	6.17857878930231	0	1	-0.000110760284775212	0	0	-0.55215049985888
8	finalLog_goTrials_model049_startVal008_started2015-12-04-T161442	SAM_goTrials_model049_startVal008_exit1_started2015-12-04-T161442	8	511.687938855057	00:43:51.13	1	30.6471162307767	30.4837362823234	74.1328846474643	0.282489382560619	0.27914681675576	0.258955400271858	0.190120473992538	0.229209580660046	0.231646694838691	0	20.2215309229375	0	1	-2.10546976774084e-06	0	0	-0.525675217279897	49.468035532584	18.0555775626637	81.3687975717336	0.25433916079457	0.203211698277037	0.309709943407644	0.223099704367815	0.169322029161494	0.251273230194068	0	20.4037175703897	0	1	-7.71405039274283e-05	0	0	-0.490454930067807
3	finalLog_goTrials_model049_startVal003_started2015-12-04-T161508	SAM_goTrials_model049_startVal003_exit1_started2015-12-04-T161508	3	541.318853040052	00:42:29.18	1	11.6724587375883	18.6105071010785	54.88982339204	0.210798345558227	0.191716040814303	0.17141320539733	0.0365850529996758	0.101171279733556	0.126661249458835	0	59.9933174301243	0	1	-0.00161650116225274	0	0	-0.025696419667385	0.336018173466434	13.6791083517827	58.5042212040091	0.20317400167828	0.215817186778773	0.135061041320277	0.105514367953702	0.0882195643188059	0.12948456148834	0	58.5246202863863	0	1	-0.00048225129877465	0	0	-0.0301252031105554
11	finalLog_goTrials_model049_startVal011_started2015-12-04-T161458	SAM_goTrials_model049_startVal011_exit1_started2015-12-04-T161458	11	1340.28563627477	00:44:20.99	1	1.220216874787	2.45506572747633	37.9975375032096	0.156211592766206	0.119326387228121	0.184623860862051	0.0695330166920656	0.0528664994461816	0.159714338994415	0	43.9263685561702	0	1	-0.00010545590311232	0	0	-0.596253828211259	6.94708136502829	6.33668937500485	36.8486717077117	0.180964196491147	0.0831077866986998	0.167660417077852	0.0621934656343265	0.0635602769709466	0.171283860387013	0	34.7666422724591	0	1	-2.55331636766724e-05	0	0	-0.912185696183271
16	finalLog_goTrials_model049_startVal016_started2015-12-04-T161455	SAM_goTrials_model049_startVal016_exit1_started2015-12-04-T161455	16	1397.86424290852	00:43:03.31	1	29.505220532019	40.0459806556637	69.190509826144	0.179859810566206	0.27335513137503	0.256977757597381	0.000283014125192449	0.210852311824898	0.219033494318143	0	58.8682597400306	0	1	-2.58209314157789e-06	0	0	-0.567082897496919	50.2336557328963	26.4085916193669	70.4625215845423	0.0900661982303845	0.32313106183558	0.17527757112553	0.0166299158461295	0.260580470125001	0.222890638477326	0	57.1458352451992	0	1	-0.000259906202310201	0	0	-0.493795128648924
7	finalLog_goTrials_model049_startVal007_started2015-12-04-T161510	SAM_goTrials_model049_startVal007_exit1_started2015-12-04-T161510	7	1496.83164133281	00:46:15.91	1	50.3213635958192	48.9499022408143	91.1027775888168	0.256856575210374	0.29470376307466	0.268715807664482	0.0865716627645293	0.241906617612461	0.234927211356783	0	45.7347669616406	0	1	-5.11588695052629e-05	0	0	-0.461887149247037	70.9332373039338	39.7630005275712	99.945733964175	0.29446996379692	0.231857646360869	0.251405237656968	0.0552169226100057	0.184970567911193	0.305421472914632	0	41.1299033734714	0	1	-0.000141693887011245	0	0	-0.478264444715494
5	finalLog_goTrials_model049_startVal005_started2015-12-04-T161437	SAM_goTrials_model049_startVal005_exit1_started2015-12-04-T161437	5	1557.90763595715	00:36:18.98	1	10.3983789146938	16.1219421304266	56.6579440319124	0.182114808700333	0.31412151634599	0.301918713368638	0.000801458441476398	0.264683748496857	0.274589099268694	0	27.123645977643	0	1	-0.000679118480463529	0	0	-0.592404303140558	33.0411900417065	12.8776913766185	56.895451421047	0.166114762823805	0.341134518996967	0.277807853387355	0.000480222181302536	0.29529892574055	0.242828723890463	0	23.9543645282772	0	1	-0.00110342284355263	0	0	-0.69196875607513
