FileIndex	FileNameLog	FileNameSAM	StartValueIndex	FunctionValue	ElapsedTime	ExitFlag	BestX_ 1	BestX_ 2	BestX_ 3	BestX_ 4	BestX_ 5	BestX_ 6	BestX_ 7	BestX_ 8	BestX_ 9	BestX_10	BestX_11	BestX_12	BestX_13	BestX_14	BestX_15	BestX_16	BestX_17	StartX_ 1	StartX_ 2	StartX_ 3	StartX_ 4	StartX_ 5	StartX_ 6	StartX_ 7	StartX_ 8	StartX_ 9	StartX_10	StartX_11	StartX_12	StartX_13	StartX_14	StartX_15	StartX_16	StartX_17
12	finalLog_goTrials_model060_startVal012_started2016-02-04-T062847	SAM_goTrials_model060_startVal012_exit1_started2016-02-04-T062847	12	719.015855817201	00:22:45.20	1	6.87549895576757	11.8491527717963	84.3381547361472	0.402462546649268	0.391499591805097	0.362583692652075	0.252210280901461	0.301319673437435	0.338129012865824	0.063379002312798	13.3000845277228	0	0.5	-0.00232384057961706	0	0	0	26.7736927566025	5.59143392103063	82.7136297896119	0.433618044814498	0.424639509207185	0.321748809369644	0.2882381761861	0.280075059096356	0.250489585869049	0.062282138266756	9.16365251874438	0	0.5	-0.00244229576840374	0	0	0
15	finalLog_goTrials_model060_startVal015_started2016-02-04-T063647	SAM_goTrials_model060_startVal015_exit1_started2016-02-04-T063647	15	742.884944507947	00:45:33.87	1	2.60981289857316	10.3657663823533	73.5783994540144	0.408485205554447	0.388832513254169	0.361658472333811	0.24530322344033	0.289067445724025	0.329859124282177	0.0701716174340198	71.1030889393807	0	0.5	-0.00273017929982706	0	0	0	33.9513648354446	13.1199389816838	71.3303723782044	0.299136046348471	0.409101317120418	0.398903457552564	0.139439819322756	0.280924432130261	0.324493232851003	0.0923441535662962	44.917592390658	0	0.5	-0.00364322743804815	0	0	0
3	finalLog_goTrials_model060_startVal003_started2016-02-04-T062850	SAM_goTrials_model060_startVal003_exit1_started2016-02-04-T062850	3	748.919757420423	00:39:01.20	1	8.46347182180402	12.795344101926	86.9726394410091	0.309702269556091	0.293810194788315	0.263981748304749	0.145743964911963	0.198199870158954	0.2319190591254	0.0688017020948639	10.0202440754275	0	0.5	-0.000139302936879497	0	0	0	5.22030878953227	24.8393733156459	87.0335610181214	0.248211427987166	0.304936516735658	0.313073318841466	0.117842827396897	0.129493901362415	0.252360351317857	0.0854340183649785	9.01298525305074	0	0.5	-0.000652055836856008	0	0	0
2	finalLog_goTrials_model060_startVal002_started2016-02-04-T062903	SAM_goTrials_model060_startVal002_exit1_started2016-02-04-T062903	2	754.528093831253	00:37:53.33	1	4.31963280612159	13.7738590972261	121.608573960571	0.449146780100132	0.418592444593029	0.383156982070417	0.177770928810204	0.301288819427598	0.347295352500276	0.0985444966743103	0.110279188048188	0	0.5	-0.000322092865978479	0	0	0	15.8848704173439	11.0472866870492	118.661330633371	0.434438087388122	0.392149583257924	0.430160598108874	0.0663028275969765	0.270792835280176	0.38955070165377	0.0871385367393402	0.196344994162487	0	0.5	-0.000297924722814327	0	0	0
4	finalLog_goTrials_model060_startVal004_started2016-02-04-T062852	SAM_goTrials_model060_startVal004_exit1_started2016-02-04-T062852	4	760.691079262745	00:43:34.65	1	1.04767770763294	0.747077715484197	86.2044194629389	0.442986428350676	0.419896640675337	0.392532589591741	0.271991972614217	0.32312034764719	0.366864312645389	0.0716686433483905	16.8028043448702	0	0.5	-0.00255862755418496	0	0	0	1.65842148700915	21.5276334071439	79.8586175309897	0.496497259532534	0.413912078843485	0.391657930343327	0.117437856877393	0.182486089460293	0.367564845895003	0.0877213340106178	6.43620226232289	0	0.5	-0.00324719314776636	0	0	0
18	finalLog_goTrials_model060_startVal018_started2016-02-04-T064849	SAM_goTrials_model060_startVal018_exit1_started2016-02-04-T064849	18	760.968163880131	00:46:54.66	1	0.0906481570366003	0.724837136520401	69.9217518775216	0.273442960245176	0.262667448213207	0.23250049833079	0.111864272679509	0.168200206886083	0.204428625144174	0.0647230572230465	39.1931758562879	0	0.5	-0.000104107421948754	0	0	0	6.95927551206625	0.625057245022601	65.1207706480843	0.238828431086594	0.205888912804709	0.191809965397038	0.030360787134059	0.256154117269108	0.211012027936065	0.0763381567580764	39.0500033494228	0	0.5	-0.00138775185627327	0	0	0
16	finalLog_goTrials_model060_startVal016_started2016-02-04-T064450	SAM_goTrials_model060_startVal016_exit1_started2016-02-04-T064450	16	763.496911834702	00:49:25.54	1	1.02907506953447	8.03714699855344	91.7753798943576	0.40742362919467	0.381498374009363	0.340445925482134	0.191483929041673	0.237560234641395	0.300165823335884	0.0997399983390476	70.342225391693	0	0.5	-0.000611193234954903	0	0	0	45.2955951624763	51.710253154196	85.6716847657824	0.373408897460347	0.369522273897836	0.322876647316534	0.0146342574479651	0.263074901193051	0.163915589910417	0.0681861009584617	64.19846974255	0	0.5	-0.00158794463277531	0	0	0
10	finalLog_goTrials_model060_startVal010_started2016-02-04-T062848	SAM_goTrials_model060_startVal010_exit1_started2016-02-04-T062848	10	766.873996511323	00:26:44.82	1	9.33966557466863	14.5262714429824	91.7410787902658	0.367290556987441	0.33476654584972	0.303189216976651	0.120871953056858	0.216414863114402	0.26671553170851	0.0900595928169747	71.0496823610207	0	0.5	-3.6851950585573e-05	0	0	0	21.4694780912563	42.4277749449631	95.7339496597892	0.379546629763263	0.289836945609854	0.235506011913737	0.118845850209657	0.0707281365997725	0.220356271147526	0.0911853292381341	67.7886456488734	0	0.5	-0.000767591507241128	0	0	0
1	finalLog_goTrials_model060_startVal001_started2016-02-04-T062856	SAM_goTrials_model060_startVal001_exit1_started2016-02-04-T062856	1	798.771328101093	00:33:43.30	1	13.9565671109305	19.2742243701481	73.9116307327477	0.294634395202425	0.277535664088758	0.246857715393213	0.130124693466558	0.192531392475189	0.226084778769418	0.0576252729679742	49.5437718122129	0	0.5	-0.000754402692612242	0	0	0	22	25	74	0.27	0.26	0.24	0.19	0.2	0.21	0.05	40	0	0.5	-0.001	0	0	0
7	finalLog_goTrials_model060_startVal007_started2016-02-04-T062900	SAM_goTrials_model060_startVal007_exit1_started2016-02-04-T062900	7	800.812447441803	00:43:51.06	1	5.61128862060426	8.14256284151665	93.6986195981238	0.339424828230876	0.315155080246192	0.291819228233505	0.107962087801087	0.209529077334307	0.258967206298776	0.0763912648994472	0.422999591227042	0	0.5	-0.000176749277187497	0	0	0	5.31950634440088	23.8616368122937	77.5734631565723	0.344580669425471	0.245618876937661	0.278824475771944	0.0533651046409889	0.143585296188975	0.317849549971465	0.0925367257691375	0.422537733463937	0	0.5	-0.000688614939365504	0	0	0
13	finalLog_goTrials_model060_startVal013_started2016-02-04-T062848	SAM_goTrials_model060_startVal013_exit1_started2016-02-04-T062848	13	812.167186213859	00:32:24.57	1	13.8146031494677	16.3539155800527	71.9785925381382	0.25426648011289	0.236472181062461	0.214054794194598	0.0899772973023807	0.154348044331424	0.18703620809422	0.0587936909951529	43.5732612863969	0	0.5	-2.01559751151171e-05	0	0	0	39.6769369953716	38.160791458251	74.1054614609747	0.18185221380445	0.22619555800582	0.147288972661129	0.131927291089983	0.0789917556063182	0.143488561309075	0.0838910490206402	31.7078970836575	0	0.5	-0.00101171410638371	0	0	0
17	finalLog_goTrials_model060_startVal017_started2016-02-04-T064449	SAM_goTrials_model060_startVal017_exit1_started2016-02-04-T064449	17	813.152356885545	00:43:54.37	1	4.63664783687759	13.881937275816	88.2050906476446	0.357636231381245	0.34013546221304	0.305132802342728	0.166817748095717	0.203567618075054	0.264267132406891	0.0941443354781144	76.9980649045619	0	0.5	-0.000144891860916666	0	0	0	0.261504759058044	17.6680155350326	79.5781702665918	0.325086711694649	0.333008983341391	0.187496177939858	0.336589189202984	0.258555816895528	0.291429667933328	0.0986171852054369	71.2496459018492	0	0.5	-0.000456456072739597	0	0	0
19	finalLog_goTrials_model060_startVal019_started2016-02-04-T065636	SAM_goTrials_model060_startVal019_exit1_started2016-02-04-T065636	19	837.285225831945	00:28:45.53	1	0.0436571933343772	0.530329123403983	68.7814152091375	0.359189388374611	0.335849614862465	0.306235681257447	0.128960912504651	0.226538035443258	0.272507466200439	0.0730088494230442	71.0469521271897	0	0.5	-0.00177060737443909	0	0	0	9.44744966494546	40.5790388604709	53.7752257573106	0.232196611113544	0.341677055055513	0.23257078307841	0.214703285689874	0.172326576952974	0.1772648391368	0.0913208894658636	69.711981273392	0	0.5	-0.00336723045393894	0	0	0
8	finalLog_goTrials_model060_startVal008_started2016-02-04-T062853	SAM_goTrials_model060_startVal008_exit1_started2016-02-04-T062853	8	838.629511858553	00:40:20.72	1	3.96216237841997	5.88628941532091	66.2665236041841	0.275930284531848	0.254618822386938	0.229534243839132	0.0847880098624936	0.15379384244462	0.200889864570164	0.066308900296006	76.9606897898662	0	0.5	-3.8375187164306e-05	0	0	0	8.28051144367251	40.7497916591473	67.5274883688794	0.329383776576865	0.230291131730669	0.18989240710379	0.077175007026617	0.123965040178978	0.10210654326573	0.0879421641426555	74.2629978439784	0	0.5	-0.0013739758042558	0	0	0
5	finalLog_goTrials_model060_startVal005_started2016-02-04-T062858	SAM_goTrials_model060_startVal005_exit1_started2016-02-04-T062858	5	846.954728483853	00:40:14.20	1	21.7189256558234	25.6893772814948	103.54305254742	0.357536144907524	0.329660528027075	0.301235556392762	0.111954125238605	0.212644106213125	0.267355043241673	0.0846321056953942	32.517824453933	0	0.5	-6.39527381974571e-06	0	0	0	21.1191428645052	37.3841898600531	103.432455558387	0.42424591955899	0.350081016007655	0.206743855522308	0.109918808324519	0.169412650588578	0.236524616081779	0.0862758676670053	33.6737262363222	0	0.5	-0.00030125513220708	0	0	0
9	finalLog_goTrials_model060_startVal009_started2016-02-04-T062852	SAM_goTrials_model060_startVal009_exit1_started2016-02-04-T062852	9	867.604487973236	00:39:58.89	1	30.4743676486188	32.5342321966645	111.706471196388	0.391683662702747	0.368642850926095	0.323791941352004	0.11820495144091	0.222619076590756	0.282989528674528	0.0920465983970535	51.8504880996638	0	0.5	-6.44646336975417e-05	0	0	0	35.1083699787147	41.2634911135173	98.613124177986	0.345682131413776	0.287061847875362	0.317564510724591	0.0617130311523593	0.217612432836698	0.377285348894545	0.0892860439819072	54.8398711646286	0	0.5	-0.000141693887011245	0	0	0
11	finalLog_goTrials_model060_startVal011_started2016-02-04-T062852	SAM_goTrials_model060_startVal011_exit1_started2016-02-04-T062852	11	881.742931796605	00:23:34.80	1	13.7372375333454	17.1293626236555	69.9264524246039	0.305463568924416	0.275648612830879	0.256368390958016	0.139077108143295	0.198911687891087	0.230212408012635	0.0620853669723171	69.5490761835141	0	0.5	-0.0010688637762996	0	0	0	16.1742576594166	28.2280796734141	61.9480613060394	0.351440437098178	0.244552421257403	0.283700075426883	0.170838106178272	0.152568634918939	0.149589811369275	0.0606795698568452	69.0921779229042	0	0.5	-0.00175626031118704	0	0	0
14	finalLog_goTrials_model060_startVal014_started2016-02-04-T062848	SAM_goTrials_model060_startVal014_exit1_started2016-02-04-T062848	14	944.78484495386	00:28:24.33	1	13.603660655161	21.9787312831742	74.8842774113636	0.296250637270501	0.260951269765239	0.239079466427246	0.0565292580630747	0.164017390911859	0.204690090750808	0.0709117193784658	74.2366050621101	0	0.5	-0.000175627535769834	0	0	0	16.4982639551823	38.5318730530328	72.6056360334727	0.302566007896836	0.303967321959162	0.175139164494536	0.0237581575498027	0.220245656872537	0.196717101910802	0.0854679699791956	65.1144515315604	0	0.5	-0.00200465221147444	0	0	0
6	finalLog_goTrials_model060_startVal006_started2016-02-04-T062857	SAM_goTrials_model060_startVal006_exit1_started2016-02-04-T062857	6	956.599496598907	00:53:31.52	1	34.2890265801602	36.7652325481862	103.260938279091	0.341343332053244	0.32695971382487	0.298450068594882	0.205780804897777	0.220582018077001	0.269229113143793	0.0683471939902853	9.33063139465781	0	0.5	-0.00051550214335624	0	0	0	36.6540759285951	54.6606137934638	88.8371580805414	0.311747245333981	0.382772221901952	0.251186292991617	0.0710139969678612	0.221598128657585	0.164375843523044	0.0932392103597944	4.39102960680581	0	0.5	-0.00189010418210802	0	0	0
20	finalLog_goTrials_model060_startVal020_started2016-02-04-T065636	SAM_goTrials_model060_startVal020_exit1_started2016-02-04-T065636	20	1059.55717706382	00:28:37.64	1	37.5946772974114	44.6475833837722	97.2289586432457	0.419258958697196	0.390371628503989	0.347285997491214	0.160681081588076	0.262815370571935	0.316358108546735	0.0783068232453331	75.8152597122085	0	0.5	-0.00131986665775383	0	0	0	48.0084959748233	30.0548921232301	93.2121267197812	0.451530464713285	0.422969177747525	0.308340040359129	0.0630296171094891	0.391431904495283	0.303580084533222	0.0698643664268975	75.2018153500575	0	0.5	-0.00156248221044218	0	0	0
