FileIndex	FileNameLog	FileNameSAM	StartValueIndex	FunctionValue	ElapsedTime	ExitFlag	BestX_ 1	BestX_ 2	BestX_ 3	BestX_ 4	BestX_ 5	BestX_ 6	BestX_ 7	BestX_ 8	BestX_ 9	BestX_10	BestX_11	BestX_12	BestX_13	BestX_14	BestX_15	BestX_16	StartX_ 1	StartX_ 2	StartX_ 3	StartX_ 4	StartX_ 5	StartX_ 6	StartX_ 7	StartX_ 8	StartX_ 9	StartX_10	StartX_11	StartX_12	StartX_13	StartX_14	StartX_15	StartX_16
1	finalLog_goTrials_model043_startVal001_started2017-01-02-T184101	SAM_goTrials_model043_startVal001_exit1_started2017-01-02-T184101	1	818.460980878377	00:20:59.12	1	23.2599358355256	222.024505230295	1.19968256296294	1.1433284052046	1.06394295591281	0.767050215559502	0.928524147164061	1.00387124307729	0.195436166961418	40.1079985971568	0	1	-0.0029216110877192	0	0	0	20.6853036116612	221.493266699425	1.200639303473	1.14540141018479	1.0651577839269	0.75697171304746	0.899445399050526	1.0054606537927	0.197764147790631	39.8183377981436	0	1	-0.00291366933159686	0	0	0
5	finalLog_goTrials_model043_startVal005_started2017-01-02-T184231	SAM_goTrials_model043_startVal005_exit1_started2017-01-02-T184231	5	822.697986241202	00:38:11.32	1	1.75201633791346	292.449340236717	1.63961680893525	1.54303924170711	1.42785247841494	1.01430146401189	1.21334387371474	1.33482426382126	0.289259614382817	50.0167439958538	0	1	-0.00282989016306547	0	0	0	3.19058059677215	274.676038947024	1.30754888156361	1.21697266365695	1.33456707934429	0.908089213373948	1.7313132515147	1.44234487038305	0.311456227274239	33.8495481789081	0	1	-0.00304969712616989	0	0	0
20	finalLog_goTrials_model043_startVal020_started2017-01-02-T185002	SAM_goTrials_model043_startVal020_exit1_started2017-01-02-T185002	20	842.255034994601	00:44:12.03	1	14.2117055961125	280.558054901341	1.2895484552705	1.22603021529039	1.13843156514482	0.786241823017244	0.966294087704702	1.06535865603175	0.232124428217286	0.402922185609672	0	1	-0.0019420015642092	0	0	0	17.6832086917922	220.419915211669	1.05150611361182	1.12049011974873	1.73310720349464	0.693228938822066	1.25724013104379	0.688340098105652	0.32716910241626	0.0866949857378542	0	1	-0.0037672959914046	0	0	0
12	finalLog_goTrials_model043_startVal012_started2017-01-02-T184644	SAM_goTrials_model043_startVal012_exit1_started2017-01-02-T184644	12	842.678712686761	00:42:31.42	1	7.62684825556489	275.751384304925	1.23136150551518	1.12927696672622	1.02800353954994	0.560055317048169	0.808749740233885	0.927150047676357	0.292513405586861	60.4185460063828	0	1	-0.000737848673792597	0	0	0	13.875246028369	258.148987599461	1.64652585308569	1.16606962159193	1.06238071729857	0.84333835077667	0.566111460922704	0.269395296402499	0.348840741653158	52.3743112521607	0	1	-0.00128346322611094	0	0	0
16	finalLog_goTrials_model043_startVal016_started2017-01-02-T185000	SAM_goTrials_model043_startVal016_exit1_started2017-01-02-T185000	16	848.411682783698	00:46:15.83	1	2.11359499597372	312.490337290147	1.46390156257435	1.3688073301828	1.24801691465805	0.752692398080485	0.980697600112985	1.13997804099955	0.337394923227269	65.8665015404723	0	1	-0.00106234077385526	0	0	0	19.7799958219692	206.356668205683	1.18741514429833	0.767810010998236	0.879006043546273	1.41906271526952	1.4955310455678	1.20573954603473	0.365251429568552	74.2154077683766	0	1	-0.00302721314618543	0	0	0
17	finalLog_goTrials_model043_startVal017_started2017-01-02-T185002	SAM_goTrials_model043_startVal017_exit1_started2017-01-02-T185002	17	866.944190085847	00:45:20.28	1	11.7076297769338	297.525209163994	1.23775018332436	1.12762201350318	1.01709123748705	0.554802499810458	0.775348614075759	0.88812219252824	0.332033644698488	69.3434435635121	0	1	-0.000101353314482996	0	0	0	16.8808659437603	285.998588645534	2.21300667369879	1.60348193783694	1.49894722334581	0.454343599986939	0.00412272535664912	1.45096062992743	0.364066227077388	53.1579309194684	0	1	-0.0044959412621389	0	0	0
18	finalLog_goTrials_model043_startVal018_started2017-01-02-T184840	SAM_goTrials_model043_startVal018_exit1_started2017-01-02-T184840	18	867.110365428893	00:30:56.03	1	36.8309674817537	410.915898662763	1.43001170868916	1.35648285083989	1.21305462087989	0.742448929455676	0.893855370606271	1.09701556281854	0.376327299869953	10.5193167000801	0	1	-4.99411679580862e-05	0	0	0	30.1794897207352	329.212668651775	1.09176863909036	0.997363580785177	1.50283812783283	0.951252160256328	0.684011923004973	1.94658920220111	0.375376772383283	40.0044600340777	0	1	-0.00276664419438827	0	0	0
2	finalLog_goTrials_model043_startVal002_started2017-01-02-T184105	SAM_goTrials_model043_startVal002_exit1_started2017-01-02-T184105	2	890.271811670288	00:26:01.12	1	11.4777829420225	376.426713232805	2.16093799918458	2.04151740704557	1.90877430936823	1.19571013292214	1.63301253609099	1.80635897144041	0.340677628336355	29.5696645850804	0	1	-0.00325385898663687	0	0	0	8.21035793813852	330.032762399963	1.85631974221508	2.15825890428595	1.87825043032504	0.850541258145522	1.69441757863016	1.98156437598456	0.387489271113037	39.7475971992452	0	1	-0.00475968410279059	0	0	0
13	finalLog_goTrials_model043_startVal013_started2017-01-02-T184643	SAM_goTrials_model043_startVal013_exit1_started2017-01-02-T184643	13	890.561800397567	00:43:13.06	1	0.184355044701739	271.364842651918	1.21516392696855	1.13122651768587	0.987140512385788	0.548535268970268	0.765737090158743	0.898326049756268	0.305974509407242	78.3798687129325	0	1	-0.000436586538011111	0	0	0	36.9958736271531	216.576021450725	0.464045843158247	1.29445744331579	0.630939445905826	0.981928967040652	0.992336714785636	0.809406144021908	0.387400221250164	60.0198314765301	0	1	-0.001016721544934	0	0	0
3	finalLog_goTrials_model043_startVal003_started2017-01-02-T184231	SAM_goTrials_model043_startVal003_exit1_started2017-01-02-T184231	3	892.453110762085	00:43:40.43	1	16.6337519175622	215.074183731008	1.08120133381292	0.992946470178386	0.922370564784926	0.586824962949988	0.749619708281514	0.829874909583313	0.227237178065363	77.0073414160723	0	1	-0.00164322748741386	0	0	0	20.4602033831063	154.576923342303	1.01331544041382	1.06139631644691	1.09496817641083	1.009916389448	0.548975719345081	0.96743580277855	0.346848422457351	68.6694356188556	0	1	-0.00412924913435772	0	0	0
7	finalLog_goTrials_model043_startVal007_started2017-01-02-T184213	SAM_goTrials_model043_startVal007_exit1_started2017-01-02-T184213	7	894.541489392961	00:41:09.04	1	15.3152291230501	176.837548203671	0.992557677190377	0.947717600145021	0.863403221151852	0.57099809273135	0.716551886487048	0.789740561413791	0.179049138916766	79.6359317773505	0	1	-0.00264388149092865	0	0	0	23.0377819426155	176.835775553196	0.73969304169023	0.708435265764151	1.239426410006	0.183560598497445	0.742814971209138	0.622666517702962	0.24875524819262	79.0196304730755	0	1	-0.00339942237531217	0	0	0
14	finalLog_goTrials_model043_startVal014_started2017-01-02-T184913	SAM_goTrials_model043_startVal014_exit1_started2017-01-02-T184913	14	896.317268233822	00:43:51.71	1	8.04272864361223	324.149141163369	1.65427306042602	1.56023604685307	1.40472136066174	0.758275216392574	1.08686982110355	1.28850852165842	0.37141775750603	74.2098484210829	0	1	-0.00171317739916267	0	0	0	11.2544494736105	277.067930094081	0.980248822398781	1.43058573603916	0.608927706030545	1.37887557450157	1.45553127483303	1.48934023205642	0.390624521934961	61.641620084731	0	1	-0.00137706741635027	0	0	0
4	finalLog_goTrials_model043_startVal004_started2017-01-02-T184147	SAM_goTrials_model043_startVal004_exit1_started2017-01-02-T184147	4	896.331249491697	00:44:41.43	1	23.5798663128296	269.507049456562	1.59726572927932	1.50558672257417	1.42819883298074	0.969048030420017	1.19860286035406	1.33853003280559	0.237505916626209	31.0488734936104	0	1	-0.00358146141730782	0	0	0	18.0959188238165	212.953306395014	1.48483082812717	2.04646304435431	1.68087054061455	1.18961794269725	0.928802048409932	1.43680702690519	0.37561422995367	13.164508683732	0	1	-0.0057182257057581	0	0	0
11	finalLog_goTrials_model043_startVal011_started2017-01-02-T184646	SAM_goTrials_model043_startVal011_exit1_started2017-01-02-T184646	11	908.134095424237	00:36:56.36	1	29.5261404421993	375.957267249848	1.66232905229307	1.56192060209559	1.41183437340609	0.894060870608341	1.10185283920181	1.28561558783857	0.390571109616001	77.0065930698252	0	1	-0.000752972483244572	0	0	0	27.1392210011605	398.247063675015	1.37410579322988	1.72464886573613	1.34920014720861	1.2371588617887	0.580183001396947	1.8059928163856	0.369454443238568	76.3630863867606	0	1	-0.00113784757716462	0	0	0
9	finalLog_goTrials_model043_startVal009_started2017-01-02-T184500	SAM_goTrials_model043_startVal009_exit1_started2017-01-02-T184500	9	932.50348316797	00:44:44.03	1	2.38773987432788	299.679449046892	1.19420536721227	1.09321324325539	0.994554176625187	0.405471553377131	0.809368530732845	0.923533672435463	0.275242254910939	13.6675266366086	0	1	-0.000460590415669912	0	0	0	9.68898415035529	169.507126750907	1.12714457469252	1.30713141142217	1.33179957724373	0.816516541892092	0.620128645373327	0.838713289123074	0.27831387548437	12.8354123946612	0	1	-0.00365492015954703	0	0	0
6	finalLog_goTrials_model043_startVal006_started2017-01-02-T184234	SAM_goTrials_model043_startVal006_exit1_started2017-01-02-T184234	6	933.412918188217	00:56:21.93	1	45.159861376415	262.105028437251	1.16148081623788	1.0529992599938	0.922653296081883	0.51625042077637	0.727459059055029	0.851558563701474	0.276043303157258	78.7958003296722	0	1	-0.000773594321679054	0	0	0	40.4211038307796	164.717667261016	1.15986474915298	0.692191477843475	0.964803566387251	0.874989170779226	0.0155918171300387	0.799902321575757	0.289626720477823	58.9104917621784	0	1	-0.00295562765494579	0	0	0
15	finalLog_goTrials_model043_startVal015_started2017-01-02-T184925	SAM_goTrials_model043_startVal015_exit1_started2017-01-02-T184925	15	941.915956137113	00:37:39.88	1	3.00054099980168	220.39906028419	0.879632071880538	0.81339306662079	0.730006937225168	0.267388675902522	0.586621643348018	0.648762219164909	0.23049912563807	52.652717715571	0	1	-8.3354143158066e-05	0	0	0	14.2527897742418	220.763925929006	1.43513500460882	1.18355969695211	1.06421602703647	0.0606829838198438	0.290253801420522	0.187486110543169	0.328541687156415	42.5774952765257	0	1	-0.00159400581072772	0	0	0
10	finalLog_goTrials_model043_startVal010_started2017-01-02-T184406	SAM_goTrials_model043_startVal010_exit1_started2017-01-02-T184406	10	955.910389892388	00:43:34.70	1	22.3049909050262	408.056423269864	1.45550189842753	1.34563940256122	1.23161177318029	0.477260893836817	0.941507060669289	1.13002996530976	0.36223084877729	0.927617256062611	0	1	-0.000124687719749759	0	0	0	30.9428511330641	374.860885655308	1.04321709441091	1.24157574930294	1.03096704948644	0.377094117276604	1.52663978029665	1.16614204096189	0.358626070161931	0.868971900870935	0	1	-0.00144556231959435	0	0	0
8	finalLog_goTrials_model043_startVal008_started2017-01-02-T184316	SAM_goTrials_model043_startVal008_exit1_started2017-01-02-T184316	8	1088.53262469084	00:40:08.03	1	9.2356060705311	301.347672102504	1.0995893111775	1.06197844076712	0.910085723296262	0.280505707578967	0.657058645385429	0.846377315397653	0.274755122999083	1.26775845732994	0	1	-0.000219678133831836	0	0	0	7.04116920378554	205.319495133837	1.22707294876599	1.10172360606343	1.05573002770957	0.501534413550998	0.283123011384049	1.12795444137831	0.35346513916918	0.182196068258809	0	1	-0.00114054876058711	0	0	0
19	finalLog_goTrials_model043_startVal019_started2017-01-02-T184858	SAM_goTrials_model043_startVal019_exit1_started2017-01-02-T184858	19	1458.78646255663	00:36:45.18	1	39.5122425427456	351.746758723314	1.94367366434719	1.80282127546098	1.66078892532279	0.107587676826979	1.35822887293668	1.53867658753472	0.360306755282288	60.5148629669431	0	1	-0.00263782600633349	0	0	0	36.8568154410595	357.383613975858	2.07619834179141	2.17900497816886	2.10466431368625	0.101955291422808	1.0109781614413	1.23000659691392	0.277467627071309	55.251123565341	0	1	-0.00226022684029992	0	0	0
