FileIndex	FileNameLog	FileNameSAM	StartValueIndex	FunctionValue	ElapsedTime	ExitFlag	BestX_ 1	BestX_ 2	BestX_ 3	BestX_ 4	BestX_ 5	BestX_ 6	BestX_ 7	BestX_ 8	BestX_ 9	BestX_10	BestX_11	BestX_12	BestX_13	StartX_ 1	StartX_ 2	StartX_ 3	StartX_ 4	StartX_ 5	StartX_ 6	StartX_ 7	StartX_ 8	StartX_ 9	StartX_10	StartX_11	StartX_12	StartX_13
6	finalLog_goTrials_model002_startVal006_started2016-08-24-T100903	SAM_goTrials_model002_startVal006_exit1_started2016-08-24-T100903	6	1470.35862745951	00:22:21.44	1	5.5723287384132	14.2964236669247	142.093961508497	0.9379838059963	0.85099279296899	0.0879149575567983	0.819114614300971	0	1	-0.00541909728936326	0	0	0	2.86727744554673	14.8111794413697	144.262112895672	0.964084240083483	0.765437606367478	0.139325700208753	0.772488930630426	0	1	-0.00560958692387676	0	0	0
8	finalLog_goTrials_model002_startVal008_started2016-08-24-T100856	SAM_goTrials_model002_startVal008_exit1_started2016-08-24-T100856	8	1492.28881521077	00:26:49.76	1	8.62958485803044	1.31356964111923	140.03068473755	0.843734771707243	0.740568120690533	0.0953617035071034	0.542429065867215	0	1	-0.00452837484983128	0	0	0	8.98725232514079	1.21662594016639	128.134392404557	0.832002954916652	0.741267111473633	0.0892322508228936	0.476324877683815	0	1	-0.00469616609216387	0	0	0
4	finalLog_goTrials_model002_startVal004_started2016-08-24-T100900	SAM_goTrials_model002_startVal004_exit1_started2016-08-24-T100900	4	1513.30544833579	00:23:57.57	1	9.14398915347694	5.76422102244253	212.010555206783	0.968759689846671	0.79612999765317	0.179013285360155	0.0997075593333639	0	1	-0.00222062982172912	0	0	0	7.79145756397464	4.98138416352066	214.788169152393	0.908763301973626	0.831415104621169	0.162570430532963	0.126814023257866	0	1	-0.0022684203473278	0	0	0
2	finalLog_goTrials_model002_startVal002_started2016-08-24-T100915	SAM_goTrials_model002_startVal002_exit1_started2016-08-24-T100915	2	1522.80237565752	00:20:15.74	1	13.3431572540174	12.0773491668871	171.327742366644	0.931065364526918	0.799235159979187	0.12945578596432	0.120881541669432	0	1	-0.00367429990286455	0	0	0	12.0618173399149	11.1437304754121	172.740899146207	0.89991050017538	0.804951407670342	0.129228667422315	0.111695792719244	0	1	-0.00376017773097184	0	0	0
1	finalLog_goTrials_model002_startVal001_started2016-08-24-T100858	SAM_goTrials_model002_startVal001_exit1_started2016-08-24-T100858	1	1543.57172676484	00:24:24.68	1	15.6146165794841	10.4654966959487	135.890612443129	0.625633525535495	0.515923201521069	0.10040599311535	0.543798029564805	0	1	-0.00247936314675022	0	0	0	13.6942828591381	8.69066540264822	135.827538334547	0.639183806420964	0.498722223204628	0.0981304496569806	0.547025374814296	0	1	-0.00257740608262915	0	0	0
5	finalLog_goTrials_model002_startVal005_started2016-08-24-T100906	SAM_goTrials_model002_startVal005_exit1_started2016-08-24-T100906	5	1545.98250751965	00:26:18.46	1	32.3495988212399	14.9685404802662	221.13245353302	1.16903506695072	0.997443084354167	0.176576901541421	0.277801896042319	0	1	-0.00349733362191259	0	0	0	31.6980625381079	14.9611200560044	214.306331925008	1.105957565701	0.995875256175274	0.190475674972697	0.299063548608062	0	1	-0.00397989365240309	0	0	0
7	finalLog_goTrials_model002_startVal007_started2016-08-24-T100901	SAM_goTrials_model002_startVal007_exit1_started2016-08-24-T100901	7	1548.2585265142	00:23:48.89	1	3.20855575531426	7.48433826453774	148.77063733332	0.63173130504066	0.504302985901519	0.125408169102938	0.559836548390827	0	1	-0.00170219710017244	0	0	0	2.57712130958238	6.78504443295834	149.339506398836	0.625560371676518	0.46920134980654	0.118755124072654	0.576396121213856	0	1	-0.00201152013885358	0	0	0
3	finalLog_goTrials_model002_startVal003_started2016-08-24-T100905	SAM_goTrials_model002_startVal003_exit1_started2016-08-24-T100905	3	1574.54818264342	00:28:11.24	1	3.24932341676856	18.7200016087717	114.663665629732	0.677941119069491	0.606930821080957	0.06524679854662	0.135469135928205	0	1	-0.00457940559184666	0	0	0	1.95857476060576	19.7512179770706	110.517471420863	0.688081793692818	0.609359439741207	0.0739903271064012	0.0826070165839241	0	1	-0.00463531900029024	0	0	0
11	finalLog_goTrials_model002_startVal011_started2016-08-24-T100815	SAM_goTrials_model002_startVal011_exit1_started2016-08-24-T100815	11	1579.21667786627	00:14:53.94	1	21.5264685380642	1.36941514717411	205.695096320094	1.00275723752388	0.838617915375363	0.164023254459738	0.035297670961644	0	1	-0.00277800300427515	0	0	0	22.752706727755	1.45575578760362	200.077802172029	1.00089059981133	0.83729573062655	0.143595299629175	0.0245825446565063	0	1	-0.00243175766221593	0	0	0
14	finalLog_goTrials_model002_startVal014_started2016-08-24-T100826	SAM_goTrials_model002_startVal014_exit1_started2016-08-24-T100826	14	1581.2011365869	00:17:15.66	1	8.98419639175351	8.00795731988411	147.66875999484	0.535463529855777	0.413498835722741	0.12552095937889	0.533208870344005	0	1	-0.000650671081652981	0	0	0	10.284036266137	7.25500249416318	140.592680303588	0.572545992870276	0.238995370267107	0.157938802563924	0.380038007296879	0	1	-0.000930824424904507	0	0	0
12	finalLog_goTrials_model002_startVal012_started2016-08-24-T100852	SAM_goTrials_model002_startVal012_exit1_started2016-08-24-T100852	12	1581.96330349189	00:15:01.52	1	0.0471055416308113	11.9740531645302	112.506010085736	0.742419292263073	0.671670861256963	0.0587815097154664	0.849565255094226	0	1	-0.00545678332189045	0	0	0	0.03728108947158	9.73980784661887	113.964114047744	0.73018581400708	0.71001333041519	0.0225285863196962	0.958126122427328	0	1	-0.00554508174592521	0	0	0
13	finalLog_goTrials_model002_startVal013_started2016-08-24-T100852	SAM_goTrials_model002_startVal013_exit1_started2016-08-24-T100852	13	1586.39025773034	00:14:40.27	1	6.6972628264923	4.37737361706674	187.922183512684	0.698463871497369	0.537996030237659	0.167590954577158	0.88515747426914	0	1	-0.000725754494235278	0	0	0	4.27442566063758	7.3953201124855	190.389480256238	0.653327779608264	0.649405526039468	0.118969407638949	0.869543232191655	0	1	-0.000581513595713401	0	0	0
19	finalLog_goTrials_model002_startVal019_started2016-08-24-T100819	SAM_goTrials_model002_startVal019_exit1_started2016-08-24-T100819	19	1587.90095324597	00:18:03.41	1	12.9682343125623	9.90961427150462	174.520024685505	0.570734635438477	0.423951443070552	0.152853342260755	1.02555892470216	0	1	-1.44835601081266e-05	0	0	0	16.9813566704029	11.6253977592919	140.792162670992	0.508229414012305	0.478569923032328	0.188733931280285	0.944828036674853	0	1	-0.000645013901757444	0	0	0
17	finalLog_goTrials_model002_startVal017_started2016-08-24-T100818	SAM_goTrials_model002_startVal017_exit1_started2016-08-24-T100818	17	1591.96258887738	00:16:01.45	1	29.0349872494592	8.604925282449	135.58147016746	0.900564481047353	0.810099455867903	0.073287832821007	0.377672441762411	0	1	-0.00553944633100522	0	0	0	24.45120573863	5.10357734347886	135.31261263854	0.959848118790211	0.670617653642457	0.177696903400041	0.365089571576207	0	1	-0.00609981147234308	0	0	0
10	finalLog_goTrials_model002_startVal010_started2016-08-24-T100826	SAM_goTrials_model002_startVal010_exit1_started2016-08-24-T100826	10	1592.99679513307	00:16:34.32	1	12.3735814692405	21.9707364991182	132.061361021088	0.592243822406119	0.493167828745671	0.0964802681847188	0.0168710973061808	0	1	-0.00237265372411244	0	0	0	12.0319387734315	21.0468324537674	119.800641818254	0.647855315334138	0.429887323962821	0.136835802215421	0.00938655920452523	0	1	-0.00293401906692153	0	0	0
20	finalLog_goTrials_model002_startVal020_started2016-08-24-T100820	SAM_goTrials_model002_startVal020_exit1_started2016-08-24-T100820	20	1599.75972859504	00:17:48.56	1	0.271249069144193	0.198552727063903	173.791688406319	0.592483898888951	0.431465479411707	0.161370809293398	0.144990026291185	0	1	-1.28830031142909e-05	0	0	0	6.88585873499918	5.90495696110952	108.993410994481	0.417736962731933	0.291082953670467	0.195648762803196	0.365330053498067	0	1	-0.000671342251947385	0	0	0
9	finalLog_goTrials_model002_startVal009_started2016-08-24-T100854	SAM_goTrials_model002_startVal009_exit1_started2016-08-24-T100854	9	1644.3987701791	00:16:09.92	1	25.8173067255689	14.2009732521367	168.35711919353	0.679923304512102	0.53739397407552	0.137143941137201	0.794360518378565	0	1	-0.00150505403348823	0	0	0	24.4558642435563	12.2776438257361	165.007583313496	0.728996633799518	0.397439953538816	0.166865723370585	0.723599291348198	0	1	-0.00162082548146288	0	0	0
15	finalLog_goTrials_model002_startVal015_started2016-08-24-T100824	SAM_goTrials_model002_startVal015_exit1_started2016-08-24-T100824	15	1646.67967345057	00:15:40.36	1	11.1190238840535	16.0441656612482	101.605482281997	0.475085342042121	0.397409429187501	0.0630603772853575	1.06986422005442	0	1	-0.00273206841091554	0	0	0	13.5146818891116	15.9707360075548	88.4653653735499	0.448832864918395	0.374133064223557	0.111906823003446	1.06119114763068	0	1	-0.00434112430175398	0	0	0
16	finalLog_goTrials_model002_startVal016_started2016-08-24-T100818	SAM_goTrials_model002_startVal016_exit1_started2016-08-24-T100818	16	1653.76826384515	00:17:16.96	1	27.0221753712778	20.4651746607384	151.027481895995	0.483466177061228	0.367773274651649	0.112198986543232	1.09347771127449	0	1	-0.000244010028956233	0	0	0	28.1357755537846	20.0512456787291	146.74916922769	0.389139675467887	0.393086054605744	0.111133347867622	1.08717587869606	0	1	-0.000303427259516878	0	0	0
18	finalLog_goTrials_model002_startVal018_started2016-08-24-T100818	SAM_goTrials_model002_startVal018_exit1_started2016-08-24-T100818	18	1766.68872141885	00:16:38.04	1	21.539380085804	4.22500738572695	121.367539758939	0.480713346737851	0.369786326530546	0.0904575511844493	0.845986159523126	0	1	-0.00138048210056408	0	0	0	21.8986316722834	5.11833246902058	84.3975318872296	0.389970022818399	0.209494051750337	0.129546306354654	0.718203778954523	0	1	-0.00170472170531541	0	0	0
