FileIndex	FileNameLog	FileNameSAM	StartValueIndex	FunctionValue	ElapsedTime	ExitFlag	BestX_ 1	BestX_ 2	BestX_ 3	BestX_ 4	BestX_ 5	BestX_ 6	BestX_ 7	BestX_ 8	BestX_ 9	BestX_10	BestX_11	BestX_12	BestX_13	StartX_ 1	StartX_ 2	StartX_ 3	StartX_ 4	StartX_ 5	StartX_ 6	StartX_ 7	StartX_ 8	StartX_ 9	StartX_10	StartX_11	StartX_12	StartX_13
1	finalLog_goTrials_model002_startVal001_started2017-01-02-T230953	SAM_goTrials_model002_startVal001_exit1_started2017-01-02-T230953	1	1575.19064011235	00:27:27.90	1	5.42239239895974	4.77965523741787	100.224592621009	0.452428697567077	0.373219531893022	0.026959775277907	45.0921926290656	0	1	-1.66653063614578e-05	-0.0130700001145031	0	0	5.32189192795403	5	100.26942842747	0.447380770896386	0.36921951403225	0.0279732714495565	44.9205591916821	0	1	-5.7780503120353e-05	-0.0131197301825244	0	0
11	finalLog_goTrials_model002_startVal011_started2017-01-02-T231922	SAM_goTrials_model002_startVal011_exit1_started2017-01-02-T231922	11	1861.84935998114	00:20:22.37	1	7.30105213779793	9.06800479194963	61.8489317769485	0.324760042860109	0.258444023926719	0.0334508629135221	88.222592217869	0	1	-0.002770824258742	-0.000157287401761352	0	0	6.52763583894413	10.7036101739147	65.3061354891462	0.314149374708313	0.276982299421897	0.0319003932813444	87.1427578236491	0	1	-0.00289762137802901	-0.0475380756778863	0	0
18	finalLog_goTrials_model002_startVal018_started2017-01-02-T231702	SAM_goTrials_model002_startVal018_exit1_started2017-01-02-T231702	18	1870.94080733169	00:25:20.28	1	9.63924740273925	8.73294155415256	91.8890910504444	0.406330180788216	0.319294242479615	0.0552434696879879	57.2305708032728	0	1	-0.00032578278470629	-0.0145616219044709	0	0	8.2020511696189	7.79135824881832	103.934370387518	0.355722508531916	0.354300141824536	0.0538008896310991	77.5872668828604	0	1	-0.00043053502755107	-0.0548854461206122	0	0
2	finalLog_goTrials_model002_startVal002_started2017-01-02-T231051	SAM_goTrials_model002_startVal002_exit1_started2017-01-02-T231051	2	1997.20092744914	00:23:58.68	1	3.54671635140716	1.66494661099961	94.8814157664868	0.604928936640114	0.521175208379667	0.0277436684817458	42.7032026900295	0	1	-0.0030656551220697	-0.0161655583770682	0	0	4.34087245653101	0.815384449711864	94.5902608987962	0.582339727038608	0.548783009723808	0.0254367322584275	39.1147848849431	0	1	-0.00313460530442101	-0.016415397475945	0	0
15	finalLog_goTrials_model002_startVal015_started2017-01-02-T232205	SAM_goTrials_model002_startVal015_exit1_started2017-01-02-T232205	15	2166.06851379982	00:37:27.50	1	5.86085109169116	5.02041039946604	70.2634283415544	0.266340403188803	0.203373684257555	0.02139430910278	18.6913174044544	0	1	-5.58530777410027e-06	-0.0285539534913304	0	0	3.77691350195505	11.360275216612	90.5355929342408	0.336525877696122	0.278912639318941	0.0123634600616549	29.6402867394565	0	1	-3.95569596744055e-05	-0.250395838192107	0	0
4	finalLog_goTrials_model002_startVal004_started2017-01-02-T225943	SAM_goTrials_model002_startVal004_exit1_started2017-01-02-T225943	4	2498.5025709244	00:29:47.43	1	0.0572410187922844	4.71212907082388	82.4564672000731	0.538782430377989	0.468484534492997	0.0120700557887737	81.5779781454792	0	1	-0.00367295954159311	-0.0193893295283125	0	0	0.0180068889335556	6.52763318545428	84.1296007932133	0.511075357489499	0.525644867252595	0.00642204598774909	78.679277373933	0	1	-0.00370124103643367	-0.0501655300322454	0	0
14	finalLog_goTrials_model002_startVal014_started2017-01-02-T232104	SAM_goTrials_model002_startVal014_exit1_started2017-01-02-T232104	14	2565.67388889407	00:32:09.98	1	8.39763658316479	7.16806713103323	82.7614793458572	0.393142854220944	0.317685305091724	0.0523905303155613	47.2046023938373	0	1	-0.00169113016828088	-0.0930497280654233	0	0	6.88459679274017	10.4062886120087	76.1724621856743	0.406601621189568	0.307351716462559	0.0501202725352767	41.4637736883253	0	1	-0.00149589704631056	-0.135076610445219	0	0
12	finalLog_goTrials_model002_startVal012_started2017-01-02-T231434	SAM_goTrials_model002_startVal012_exit1_started2017-01-02-T231434	12	2611.71798855152	00:23:03.13	1	8.58952970847081	9.15640690750003	65.1923318183944	0.270531010991518	0.195454941967177	0.0281479150564787	59.3892310202661	0	1	-0.000501841139714889	-0.0392367807287634	0	0	13.5387342583694	5.89026863961167	56.792330293344	0.249611573987973	0.299418544444722	0.0248128091377236	58.4649376909357	0	1	-0.00121349042608929	-0.0519705942134785	0	0
3	finalLog_goTrials_model002_startVal003_started2017-01-02-T225944	SAM_goTrials_model002_startVal003_exit1_started2017-01-02-T225944	3	2668.59728941403	00:17:45.58	1	3.82010802966587	3.65634230467791	80.048443798357	0.312559877418319	0.238886491635577	0.0555676628027316	25.2715232944198	0	1	-0.0003291650329881	-0.414933106318545	0	0	3.32589243530036	3.95751062290193	80.4601714555054	0.292384573172124	0.215497729390705	0.0557720459836329	30.0001262249149	0	1	-0.000448108721611796	-0.435613231553948	0	0
17	finalLog_goTrials_model002_startVal017_started2017-01-02-T231703	SAM_goTrials_model002_startVal017_exit1_started2017-01-02-T231703	17	2677.67300798006	00:29:11.89	1	0.493105817529084	0.259771660919013	69.9434059032904	0.253802253166135	0.210543753786189	0.00862344340194747	19.2496836046417	0	1	-1.71544800178936e-05	-0.326959602039436	0	0	5.82515747999853	2.55701441141608	24.1095533658873	0.0778518098084066	0.0735690954733968	0.0112917372595525	7.19949177082497	0	1	-0.00093953126483396	-0.326897422072042	0	0
9	finalLog_goTrials_model002_startVal009_started2017-01-02-T232044	SAM_goTrials_model002_startVal009_exit1_started2017-01-02-T232044	9	2730.94738531476	00:23:13.00	1	4.98542530499701	5.05051750536642	64.0678815635238	0.275249909019568	0.198771698364047	0.0396647010474179	53.9693346926671	0	1	-0.000749566482589351	-0.0970487426231981	0	0	10.5771111818031	3.43031376030331	62.3032146999404	0.272949795790156	0.15509493738395	0.0369287413398533	58.977365309916	0	1	-0.00113787067901193	-0.167297958189698	0	0
16	finalLog_goTrials_model002_startVal016_started2017-01-02-T231521	SAM_goTrials_model002_startVal016_exit1_started2017-01-02-T231521	16	2785.2223077038	00:23:25.96	1	7.09986802703058	6.34443489180306	73.9096043751361	0.39049469354485	0.347216465607857	0.000327301021693079	17.7137874770732	0	1	-0.00303543388105359	-0.159084363264563	0	0	6.52391078115724	10.8777353253508	53.8872665377998	0.342689934251313	0.191986110364515	0.0292164764800679	8.73031176346761	0	1	-0.00440136372692917	-0.140760900685644	0	0
19	finalLog_goTrials_model002_startVal019_started2017-01-02-T232206	SAM_goTrials_model002_startVal019_exit1_started2017-01-02-T232206	19	2931.20786391096	00:28:58.04	1	5.68730504254343	5.52733174313894	102.18081507769	0.6442467817404	0.598622836731807	0.0540629036615835	38.6410543905205	0	1	-0.00439435057049452	-0.248659681976818	0	0	11.810012858199	3.42042485400675	99.8893044419044	0.671821762400842	0.496479027119115	0.0506546513536876	29.9803783614651	0	1	-0.00407151302188388	-0.262137825384888	0	0
8	finalLog_goTrials_model002_startVal008_started2017-01-02-T231904	SAM_goTrials_model002_startVal008_exit1_started2017-01-02-T231904	8	2965.89829744875	00:29:34.14	1	10.0684702105359	9.12350326605099	113.420285258171	0.632104424907338	0.58373044808242	0.0555104833887318	2.69251043001579	0	1	-0.00339834795910324	-0.402547322362462	0	0	5.82589747926372	7.4685441444628	127.519289798039	0.629869920454558	0.595930467364947	0.0368381945207128	9.17222070367392	0	1	-0.00250985012662512	-0.283266641916851	0	0
6	finalLog_goTrials_model002_startVal006_started2017-01-02-T230141	SAM_goTrials_model002_startVal006_exit1_started2017-01-02-T230141	6	3205.28424531767	00:29:33.34	1	10.0777970148894	10.2180923228344	89.9803741865992	0.589888582701653	0.550350939472856	0.00763483845178673	49.4421931896404	0	1	-0.00469021794482081	-0.0706677758786211	0	0	8.59688665429834	10.6862220868428	93.7553285180477	0.626534466536336	0.502281770002359	0.00457025708807018	45.1450134199115	0	1	-0.00450100249742383	-0.0535869184612909	0	0
10	finalLog_goTrials_model002_startVal010_started2017-01-02-T231929	SAM_goTrials_model002_startVal010_exit1_started2017-01-02-T231929	10	3205.29253291475	00:30:55.34	1	3.49485613359888	3.42289935696343	60.3583123366118	0.247110073124572	0.173218275295693	1.72290021150642e-06	54.5404752284444	0	1	-0.000356598187276324	-0.402348618044247	0	0	3.22305530239466	5.66182653106297	35.9704733233535	0.144075312847107	0.139678647068239	0.0144172172261488	34.0608999798611	0	1	-0.00152163269122854	-0.402139622311257	0	0
7	finalLog_goTrials_model002_startVal007_started2017-01-02-T231758	SAM_goTrials_model002_startVal007_exit1_started2017-01-02-T231758	7	3212.34457732089	00:17:51.72	1	6.84553376504795	7.12403539379009	46.0589811791792	0.20610071348677	0.116675871031807	0.00754061141416924	84.2347427089068	0	1	-0.000344903485438285	-0.103829176324055	0	0	7.27185557437656	8.56486613193609	40.8528603170096	0.159893018854439	0.173622991656252	0.00737740971833797	68.4952933650107	0	1	-0.000868627621264214	-0.103230192811887	0	0
13	finalLog_goTrials_model002_startVal013_started2017-01-02-T232106	SAM_goTrials_model002_startVal013_exit1_started2017-01-02-T232106	13	3446.34644210095	00:35:30.63	1	5.18856026425416	6.17211231172086	55.5727742738422	0.253161714006218	0.186957805554859	0.00085005684471836	86.3700473099913	0	1	-0.000995230644505399	-0.490926824566653	0	0	12.1834139375927	5.40046563128657	25.9737648719028	0.091630551971185	0.0571478311128595	0.0245506813656939	61.2047951193154	0	1	-0.00180805711062732	-0.438183198920862	0	0
20	finalLog_goTrials_model002_startVal020_started2017-01-02-T232200	SAM_goTrials_model002_startVal020_exit1_started2017-01-02-T232200	20	3576.29399348654	00:20:41.05	1	8.77593278581499	8.38778061924352	54.4120488435651	0.270451544193401	0.199008686588857	0.00829434678453684	78.9724855682657	0	1	-0.00174885134185437	-0.501579909177276	0	0	4.54359097491542	8.30312360243299	34.8079628560132	0.266455676607392	0.045082549088528	0.0397110304993419	49.3573325089441	0	1	-0.00196459389548936	-0.163629047159398	0	0
5	finalLog_goTrials_model002_startVal005_started2017-01-02-T230142	SAM_goTrials_model002_startVal005_exit1_started2017-01-02-T230142	5	3609.00153866548	00:26:55.48	1	2.97458169730043	3.3780358868856	57.3306763829641	0.313847789176554	0.257347714708034	0.0105582386111022	68.6260528513653	0	1	-0.0028171169601414	-0.489767143152288	0	0	7.20749697931253	2.01507512593062	56.6978529091604	0.31663746827554	0.236679193114866	0.00777594788008657	62.305948998484	0	1	-0.00318917231758966	-0.49701783814924	0	0
