FileIndex	FileNameLog	FileNameSAM	StartValueIndex	FunctionValue	ElapsedTime	ExitFlag	BestX_ 1	BestX_ 2	BestX_ 3	BestX_ 4	BestX_ 5	BestX_ 6	BestX_ 7	BestX_ 8	BestX_ 9	BestX_10	BestX_11	BestX_12	BestX_13	BestX_14	BestX_15	StartX_ 1	StartX_ 2	StartX_ 3	StartX_ 4	StartX_ 5	StartX_ 6	StartX_ 7	StartX_ 8	StartX_ 9	StartX_10	StartX_11	StartX_12	StartX_13	StartX_14	StartX_15
11	finalLog_goTrials_model079_startVal011_started2017-04-20-T035640	SAM_goTrials_model079_startVal011_exit1_started2017-04-20-T035640	11	1083.01888685433	00:28:39.62	1	22.9809911994408	4.01210264023797	65.8154970702138	0.293802821896177	0.247476258693144	0.141632196680361	0.209507632453968	0.0387376927193184	35.1615995138757	0	1	-0.00239473320362379	0	0	-0.0682643684534728	54.4048734196166	14.8854407650249	55.4659406193481	0.242124360009139	0.247787112743462	0.113919327174715	0.210696541886275	0.0288388470753966	22.0771758475108	0	1	-0.00391942013908243	0	0	-0.268196123338733
20	finalLog_goTrials_model079_startVal020_started2017-04-20-T040351	SAM_goTrials_model079_startVal020_exit1_started2017-04-20-T040351	20	1111.04647308675	00:43:39.83	1	24.3551737209463	7.91135261740608	59.9831678027407	0.263483050152022	0.213991308909987	0.133805015146449	0.174682023839774	0.0391725019965823	80.3843375658968	0	1	-0.00170813164535644	0	0	-0.144006140543532	40.1047570671074	10.3637041391431	61.4244991472336	0.264284865155433	0.148121866331415	0.250632388224697	0.18530089252813	0.0277852563878677	66.8216328751076	0	1	-0.00167540137994741	0	0	-0.168248320361448
2	finalLog_goTrials_model079_startVal002_started2017-04-20-T035245	SAM_goTrials_model079_startVal002_exit1_started2017-04-20-T035245	2	1129.3690760686	00:35:03.23	1	21.4048302746945	0.947078679758648	52.5320153246933	0.239452263769924	0.192860808628392	0.110889048529119	0.156449472334998	0.035589825201131	115.277824782606	0	1	-0.000733832888692561	0	0	-0.346392039369297	7.72393660849926	30.8639470747183	37.988364256624	0.20041667985897	0.212626110181936	0.108311776135547	0.146691884302719	0.0333144549082474	117.569997102175	0	1	-0.000999770844561301	0	0	-0.675451415146389
5	finalLog_goTrials_model079_startVal005_started2017-04-20-T035340	SAM_goTrials_model079_startVal005_exit1_started2017-04-20-T035340	5	1178.42686691167	00:25:50.09	1	13.2731832260293	2.26743135362522	51.4766668983474	0.161071982851012	0.127092913092725	0.0151154245133048	0.0951297911742609	0.0272633851301338	48.880090948081	0	1	-1.39442534471965e-05	0	0	-0.186661053090705	21.2528982780764	9.49443309343583	32.2418216804467	0.100458491466796	0.050849294494285	0.00150135957628201	0.023797839481098	0.0323729053731596	8.09218664707901	0	1	-0.00126933817981801	0	0	-0.474054537905474
13	finalLog_goTrials_model079_startVal013_started2017-04-20-T040042	SAM_goTrials_model079_startVal013_exit1_started2017-04-20-T040042	13	1179.70931024653	00:28:36.86	1	14.5458040407287	0.179619817782062	40.8152032306649	0.141231352595675	0.102248429423962	0.0286834628193096	0.0793164894732399	0.012384591650155	110.234842724061	0	1	-3.90383456306664e-05	0	0	-0.23642568288814	7.55590700368916	5.17658914463518	34.7826847903666	0.0944994053612857	0.0366428947394114	0.0983465620573587	0.0347008134751091	0.0149605226039472	48.9725364148242	0	1	-0.000812240982103025	0	0	-0.347733972888972
18	finalLog_goTrials_model079_startVal018_started2017-04-20-T040344	SAM_goTrials_model079_startVal018_exit1_started2017-04-20-T040344	18	1193.44531947205	00:27:11.77	1	37.1181365601626	24.5869762145595	69.5966925299682	0.225982375339249	0.173125529651599	0.0781453808056696	0.133071902939102	0.0394348229331499	74.8957463108971	0	1	-0.000585497786398996	0	0	-0.0917480198788239	25.9149470224156	31.9372096404765	72.9325674753124	0.173557567317031	0.208034076444035	0.161643056666799	0.10880229781478	0.0361670757098351	54.1234297171193	0	1	-0.000580153152366024	0	0	-0.115395125125547
1	finalLog_goTrials_model079_startVal001_started2017-04-20-T035140	SAM_goTrials_model079_startVal001_exit1_started2017-04-20-T035140	1	1194.89546881198	00:31:52.93	1	24.4549130382029	8.00676985441325	54.3674760201351	0.265723969741919	0.224731900904669	0.152245799261874	0.195766086179347	0.00868335249404151	76.69107718868	0	1	-0.00238848680119365	0	0	-0.18262926743752	15.7079247423689	41.4190568592169	50.4263609139683	0.244544351204326	0.210089392274077	0.167637501207821	0.20009155821173	0.00462546090551418	54.1247833939208	0	1	-0.00197804728309932	0	0	-0.434457241004627
15	finalLog_goTrials_model079_startVal015_started2017-04-20-T040041	SAM_goTrials_model079_startVal015_exit1_started2017-04-20-T040041	15	1209.98861953572	00:38:48.36	1	19.447567253495	4.15213167293989	43.0440214712602	0.169463227692469	0.115015525120258	0.0206242707641753	0.0789303717368553	0.0355029902358392	125.064234744536	0	1	-0.00103843183837181	0	0	-0.0436118956399377	7.61941217931727	26.6269910908097	31.9643935000095	0.242455147049564	0.162514279180128	0.0536839730866586	0.0559742734844885	0.0345993724770338	120.807747410635	0	1	-0.00382115536367521	0	0	-0.40576528919581
7	finalLog_goTrials_model079_startVal007_started2017-04-20-T035441	SAM_goTrials_model079_startVal007_exit1_started2017-04-20-T035441	7	1212.69841590714	00:35:48.06	1	19.8497356102926	2.85338018376383	42.7417796570673	0.275353457784072	0.233476223228222	0.151060254100091	0.196427718204771	0.0053954973946239	117.207745718522	0	1	-0.00477378338558268	0	0	-0.104661230488421	11.1367443966401	16.1346747419685	34.9391996617259	0.225184536536408	0.237648553580933	0.0753076672336715	0.160407408655771	0.0126950649474789	12.1990127693985	0	1	-0.00566008616328292	0	0	-0.350346710883361
12	finalLog_goTrials_model079_startVal012_started2017-04-20-T035740	SAM_goTrials_model079_startVal012_exit1_started2017-04-20-T035740	12	1216.14238129833	00:25:17.89	1	41.6707341199532	21.1139613429892	79.3558791623351	0.231102318044518	0.173674475001049	0.0713536633659132	0.137194669302213	0.0388041975002851	12.0849197168837	0	1	-0.000402661060574539	0	0	-0.0569220384469513	50.3134870783353	54.7590763408633	80.4285038856995	0.271977549145592	0.115675754573788	0.0587856719852833	0.119356384553268	0.0284160469864478	11.9425264843125	0	1	-0.000547259891221378	0	0	-0.339599226755181
14	finalLog_goTrials_model079_startVal014_started2017-04-20-T040044	SAM_goTrials_model079_startVal014_exit1_started2017-04-20-T040044	14	1221.45864244252	00:44:38.42	1	43.8165271548253	29.2336417435644	77.7071580585898	0.27912971763525	0.219324129918574	0.128364822875326	0.174463867757344	0.0398803539121072	66.0366438372428	0	1	-0.0014508352817661	0	0	-2.8243584834442e-05	45.326605510675	36.3312010402749	76.7274171544025	0.274494735419414	0.209419816615326	0.250422179583231	0.0849707475415661	0.0384195119239714	72.4981997540844	0	1	-0.00140487773528458	0	0	-0.046918237766912
6	finalLog_goTrials_model079_startVal006_started2017-04-20-T035341	SAM_goTrials_model079_startVal006_exit1_started2017-04-20-T035341	6	1240.14458470573	00:26:26.39	1	23.7611581531132	11.8181703376725	58.61623797972	0.198554487826658	0.153954136048806	0.0717833488270907	0.120218362495639	0.0122920776955439	14.2065386196884	0	1	-0.00131368278667142	0	0	-0.00505555726010831	32.7091270626359	32.7753331931347	54.3317258337846	0.207587436590252	0.135894633493999	0.0712010111696555	0.0654933947047724	0.0115172293690148	11.0798419904903	0	1	-0.00237110220853203	0	0	-0.0380601111732082
3	finalLog_goTrials_model079_startVal003_started2017-04-20-T035238	SAM_goTrials_model079_startVal003_exit1_started2017-04-20-T035238	3	1296.3486581501	00:24:29.11	1	20.7657884232469	11.3864511618912	50.9289530971614	0.232189112322579	0.188831776914587	0.159144673731925	0.168113755294894	0.00580756681222443	100.21712955481	0	1	-0.000403522843735842	0	0	-0.453042962747044	13.4356265387103	12.6468648963567	51.7562193423691	0.199486255436484	0.197673433591607	0.186943638300712	0.168377064683879	0.00366200904782311	101.316144413412	0	1	-0.000413296765470104	0	0	-0.399323171838542
10	finalLog_goTrials_model079_startVal010_started2017-04-20-T035640	SAM_goTrials_model079_startVal010_exit1_started2017-04-20-T035640	10	1302.22882567575	00:26:46.56	1	31.098843530005	20.9787452337947	62.9775186179242	0.202702571409543	0.152921237019342	0.0820515959874436	0.125780711947679	0.00116001451985176	69.6930333474573	0	1	-0.000464402033962097	0	0	-0.140978308997462	52.3217037897109	44.3085146136443	64.393504472546	0.181577272032214	0.0970989510539906	0.0663878670301357	0.116882615353645	0.00114983710691263	58.5091845175143	0	1	-0.0011396156640898	0	0	-0.242141665520257
9	finalLog_goTrials_model079_startVal009_started2017-04-20-T035645	SAM_goTrials_model079_startVal009_exit1_started2017-04-20-T035645	9	1323.05402129218	00:36:45.92	1	1.88958684769654	1.46177015315671	43.7424523124851	0.336833885981734	0.304749857134541	0.22701597644166	0.272390428988942	0.00494655920034625	78.0326775933262	0	1	-0.00515095171013574	0	0	-0.278689742356681	9.19858412973168	14.4917220701016	35.3947364163109	0.267002808674851	0.248693309316291	0.247450723783766	0.272553616861322	0.0258896940340745	13.2081947755045	0	1	-0.00554467041593927	0	0	-0.36954475037744
4	finalLog_goTrials_model079_startVal004_started2017-04-20-T035239	SAM_goTrials_model079_startVal004_exit1_started2017-04-20-T035239	4	1348.07924698551	00:25:38.18	1	47.4338718993442	32.55887706733	72.2967463690829	0.239909395575905	0.189007225583555	0.106803018580532	0.155002639281496	0.022473633391525	65.6342947786846	0	1	-0.00135573797048183	0	0	-0.000101664965112214	40	27	73	0.28	0.19	0.14	0.14	0.02	70	0	1	-0.001	0	0	-0.01
8	finalLog_goTrials_model079_startVal008_started2017-04-20-T035541	SAM_goTrials_model079_startVal008_exit1_started2017-04-20-T035541	8	1375.40838484191	00:22:51.47	1	15.632944527675	14.8399225253411	49.3941800808856	0.297588626234057	0.249659018250139	0.180655801753176	0.21564273685041	0.0355759582568005	107.562376375291	0	1	-0.00322936845908698	0	0	-0.235163937954066	11.400449290438	18.2390491615098	49.4938761330277	0.298479739269908	0.213920384871229	0.223148319611276	0.210141514829969	0.0355399855598617	108.50989960167	0	1	-0.00370766676626548	0	0	-0.327675912813327
17	finalLog_goTrials_model079_startVal017_started2017-04-20-T040221	SAM_goTrials_model079_startVal017_exit1_started2017-04-20-T040221	17	1436.60780694423	00:25:29.51	1	58.1650775199996	49.412606627161	89.5809224038792	0.238580816581622	0.178879876195805	0.0912970563759262	0.139391414202775	0.0167002504972214	49.7682295414078	0	1	-0.000341086730201808	0	0	-0.0969464481807469	68.3127509345583	48.040525557317	73.9852104585303	0.18264660503367	0.204091588447486	0.169121391991446	0.0982196747333001	0.0138282131138529	49.1883979544875	0	1	-0.000654558889206634	0	0	-0.156036196896891
16	finalLog_goTrials_model079_startVal016_started2017-04-20-T040145	SAM_goTrials_model079_startVal016_exit1_started2017-04-20-T040145	16	1440.44104293227	00:32:07.84	1	64.0025937857217	57.5446876403136	97.3969049668391	0.276724873542314	0.216926755362931	0.111905238189797	0.173770905936079	0.0390698586691218	83.1900756520351	0	1	-2.69110302820791e-05	0	0	-0.300623778886863	81.6185755754137	58.0398461123558	111.189476058098	0.313792297854157	0.196805772107328	0.0853658543059476	0.170109166582187	0.0383082144016106	79.8417217903337	0	1	-0.000146890860201801	0	0	-0.47325781674081
19	finalLog_goTrials_model079_startVal019_started2017-04-20-T040350	SAM_goTrials_model079_startVal019_exit1_started2017-04-20-T040350	19	1455.0327871719	00:39:43.75	1	61.0389535297213	34.6770382902194	75.842613575263	0.262622575388013	0.198037225068391	0.102415117536189	0.151638039402613	0.0331003853399493	121.735193186443	0	1	-0.00102028654781163	0	0	-0.0382105453957623	68.9843389540106	51.7458746797176	77.2226800839506	0.24160269079859	0.256967434307256	0.0375345763521232	0.194470293022412	0.027710666232536	122.906229014901	0	1	-0.00229660519133729	0	0	-0.144518882565967
