FileIndex	FileNameLog	FileNameSAM	StartValueIndex	FunctionValue	ElapsedTime	ExitFlag	BestX_ 1	BestX_ 2	BestX_ 3	BestX_ 4	BestX_ 5	BestX_ 6	BestX_ 7	BestX_ 8	BestX_ 9	BestX_10	BestX_11	BestX_12	BestX_13	BestX_14	StartX_ 1	StartX_ 2	StartX_ 3	StartX_ 4	StartX_ 5	StartX_ 6	StartX_ 7	StartX_ 8	StartX_ 9	StartX_10	StartX_11	StartX_12	StartX_13	StartX_14
8	finalLog_goTrials_model043_startVal008_started2017-04-19-T215212	SAM_goTrials_model043_startVal008_exit1_started2017-04-19-T215212	8	1227.18760474517	00:30:37.76	1	0.00638413527033166	76.0469123182218	0.462259734842848	0.395401799736361	0.275904123101896	0.33960749006254	0.0599992371267148	25.2703822748613	0	1	-0.00464800735351608	0	0	0	54.0088547148597	74.0999220240206	0.406810915034027	0.441769686016838	0.294849860538553	0.315701433082684	0.0550985081047717	2.05733652792871	0	1	-0.00542040111832241	0	0	0
3	finalLog_goTrials_model043_startVal003_started2017-04-19-T214031	SAM_goTrials_model043_startVal003_exit1_started2017-04-19-T214031	3	1231.58358520313	00:32:12.12	1	2.15201586201829	56.5840450227368	0.321457340061313	0.270970289701471	0.156949641518986	0.231846807445407	0.0318340277348986	41.6180245492482	0	1	-0.00421378524651817	0	0	0	4.10959081946714	49.7483655464819	0.317473959695968	0.301465706231138	0.187994615575961	0.22237024647078	0.0325438854602283	36.1586320761161	0	1	-0.00518113278738506	0	0	0
14	finalLog_goTrials_model043_startVal014_started2017-04-19-T215315	SAM_goTrials_model043_startVal014_exit1_started2017-04-19-T215315	14	1242.02575265822	00:20:58.17	1	17.4195709195954	68.7976075925583	0.269315677502902	0.214369216643427	0.0740341193265785	0.169067747882116	0.0576582485768824	69.7818531157459	0	1	-0.00143590857173252	0	0	0	11.9500705532964	78.6671821095318	0.32704281168916	0.284213169513016	0.02831293188941	0.166996876397844	0.0447839370813859	92.349083001347	0	1	-0.00148202435450608	0	0	0
2	finalLog_goTrials_model043_startVal002_started2017-04-19-T214029	SAM_goTrials_model043_startVal002_exit1_started2017-04-19-T214029	2	1248.44509147474	00:38:43.16	1	0.442026062214431	50.2342253255402	0.308368101760904	0.248638306924758	0.118286204649734	0.207259107571786	0.0432818501094087	88.8848235182316	0	1	-0.00441107594801608	0	0	0	3.54299328623383	49.5897931280037	0.280337864571516	0.280766492178283	0.0565565573992154	0.224622569737484	0.0508755689621189	68.599795800276	0	1	-0.00495803958545621	0	0	0
18	finalLog_goTrials_model043_startVal018_started2017-04-19-T215628	SAM_goTrials_model043_startVal018_exit1_started2017-04-19-T215628	18	1248.94622319905	00:25:23.20	1	19.5168200007653	67.177977278089	0.300551143817361	0.249616736898076	0.134419335676864	0.208442049913035	0.0458139913510366	51.5412423102216	0	1	-0.00260298375082248	0	0	0	57.4333945464058	72.83118520022	0.242150812890424	0.282544122763699	0.0166004175429772	0.134277457561227	0.038083608701528	80.4560490293275	0	1	-0.00266861678573224	0	0	0
9	finalLog_goTrials_model043_startVal009_started2017-04-19-T215017	SAM_goTrials_model043_startVal009_exit1_started2017-04-19-T215017	9	1267.24626034879	00:20:23.54	1	3.32321370737273	52.6885197067945	0.361383270747632	0.297765383703734	0.173596465245575	0.251835775464101	0.0529800960523089	111.997943364549	0	1	-0.00528053546488587	0	0	0	9.10615718983712	49.5635414409904	0.378459039304473	0.255532044556361	0.221363585358843	0.206101157890523	0.0476875446127255	109.387101035623	0	1	-0.00507050725072149	0	0	0
6	finalLog_goTrials_model043_startVal006_started2017-04-19-T214348	SAM_goTrials_model043_startVal006_exit1_started2017-04-19-T214348	6	1271.08095837867	00:37:46.01	1	13.0573230522394	67.9539489579351	0.239348861756446	0.188990805053513	0.0742500684195658	0.136444759038703	0.0549570312383242	45.9717009962994	0	1	-0.00092518787794643	0	0	0	52.2572659964151	67.719239817745	0.203097658390411	0.188852856308252	0.075135588423093	0.112172440334194	0.0303883998351591	10.6837588010354	0	1	-0.00185828215550261	0	0	0
1	finalLog_goTrials_model043_startVal001_started2017-04-19-T214345	SAM_goTrials_model043_startVal001_exit1_started2017-04-19-T214345	1	1278.78633884564	00:19:46.24	1	28.6454002234082	80.1710535725936	0.323987311467073	0.268252171972567	0.155748254234549	0.219773587979314	0.0567590406753207	35.7685001402484	0	1	-0.00209657869682008	0	0	0	30.5449285086517	79.9881273717793	0.332522856978788	0.262765127241105	0.166657517933216	0.18737562539266	0.053661895624978	33.9882990166265	0	1	-0.00199987895355955	0	0	0
4	finalLog_goTrials_model043_startVal004_started2017-04-19-T214347	SAM_goTrials_model043_startVal004_exit1_started2017-04-19-T214347	4	1302.32080168942	00:28:06.65	1	28.543621519567	79.7587884405964	0.25364587622194	0.19964589968009	0.0871229440804413	0.159295843348902	0.0526699028610969	24.4581324386342	0	1	-0.000875010449032854	0	0	0	25.5957416133774	79.8674627407646	0.213761544697383	0.185760972409612	0.0948572472989661	0.173355521198234	0.0501483748981065	24.6579528425172	0	1	-0.000939700671450655	0	0	0
11	finalLog_goTrials_model043_startVal011_started2017-04-19-T215014	SAM_goTrials_model043_startVal011_exit1_started2017-04-19-T215014	11	1354.89275104964	00:22:00.80	1	39.2552497519631	101.168310103336	0.302331744439682	0.239342697859119	0.117688105553093	0.192245866624984	0.0586967350654581	1.47152499358795	0	1	-0.000773876106343474	0	0	0	30.906526047397	107.486719304106	0.313638891757845	0.274707684449167	0.0117810064603701	0.276062876744176	0.0567331321289363	1.78892445918357	0	1	-0.00101134952483805	0	0	0
7	finalLog_goTrials_model043_startVal007_started2017-04-19-T214705	SAM_goTrials_model043_startVal007_exit1_started2017-04-19-T214705	7	1360.02433723406	00:21:53.09	1	41.747932098451	82.7560524929849	0.314010710504693	0.258441864542619	0.148842046625749	0.205450534510414	0.0473393341421626	49.8754675259864	0	1	-0.00186992309833487	0	0	0	52.7388350404901	82.8549691527922	0.287653097765035	0.298521093395996	0.121462728326618	0.17575561271092	0.0552986267955822	25.9006794083626	0	1	-0.00264277162759194	0	0	0
20	finalLog_goTrials_model043_startVal020_started2017-04-19-T215623	SAM_goTrials_model043_startVal020_exit1_started2017-04-19-T215623	20	1371.9161211124	00:22:57.27	1	40.9646392633959	88.0883420673642	0.280437155774088	0.224765259180572	0.0961592767536629	0.184294682860775	0.0472609666579968	14.528932853651	0	1	-0.00116753494201726	0	0	0	53.8199181576756	81.9806145324751	0.359646733289643	0.136472468753403	0.0276836850559482	0.159319061548652	0.0569839295927507	16.4639897114073	0	1	-0.00161892312123252	0	0	0
10	finalLog_goTrials_model043_startVal010_started2017-04-19-T215319	SAM_goTrials_model043_startVal010_exit1_started2017-04-19-T215319	10	1372.57169529303	00:25:59.42	1	26.6034431523395	60.7036102335125	0.237316006001651	0.190210860111965	0.11113286413177	0.155112378591953	0.029411331256647	74.8213614576547	0	1	-0.00193051123506561	0	0	0	32.6592054341785	56.1154907290723	0.268004917533521	0.206228159448052	0.115385201932452	0.114717489064058	0.0262728613393452	70.1980899416093	0	1	-0.00222708163543538	0	0	0
5	finalLog_goTrials_model043_startVal005_started2017-04-19-T214701	SAM_goTrials_model043_startVal005_exit1_started2017-04-19-T214701	5	1393.87161575417	00:21:04.39	1	52.0189582212794	98.1873460113362	0.300536935715158	0.240379354040173	0.132035776354741	0.190772659610305	0.0511160483068166	31.0676358808945	0	1	-0.00102908109827919	0	0	0	52.5836009402064	92.624254048162	0.257900777736772	0.239548459193949	0.199335808581966	0.196146437720465	0.0416042120248202	24.2183636116148	0	1	-0.000870437687218714	0	0	0
16	finalLog_goTrials_model043_startVal016_started2017-04-19-T215316	SAM_goTrials_model043_startVal016_exit1_started2017-04-19-T215316	16	1405.88450310301	00:21:23.76	1	44.0327409703173	82.0424662389481	0.262101972190127	0.193789894608577	0.077645705352784	0.143678105358244	0.0503660859963449	95.6463347377705	0	1	-0.000603171385968966	0	0	0	45.2293647464441	89.1055547166182	0.277324075912992	0.25057504732301	0.080406323619243	0.0912512314878778	0.043859521535435	98.9356901801093	0	1	-0.00104444467855046	0	0	0
13	finalLog_goTrials_model043_startVal013_started2017-04-19-T215316	SAM_goTrials_model043_startVal013_exit1_started2017-04-19-T215316	13	1413.59540437081	00:22:17.81	1	43.2211851520893	78.1394449454058	0.228994544115793	0.16407592998426	0.0374983044749324	0.118900909187818	0.0409952337774223	90.5018186684102	0	1	-0.000310243233787691	0	0	0	41.3883548645728	81.274915522683	0.248657531874609	0.230118186056188	0.128552194107638	0.0869400474709357	0.0199107567639481	82.7313886745984	0	1	-0.000864625352382536	0	0	0
15	finalLog_goTrials_model043_startVal015_started2017-04-19-T215314	SAM_goTrials_model043_startVal015_exit1_started2017-04-19-T215314	15	1479.05485174867	00:19:02.65	1	63.3245694616741	100.409129756014	0.293487159061393	0.226184010862594	0.125679771653085	0.177429281444689	0.0427396831432513	73.5934340363861	0	1	-0.000808933440448925	0	0	0	57.6828452744822	103.700598450367	0.328268031044036	0.28278027854922	0.104194255345973	0.129380331947912	0.033838088173547	74.4720263252305	0	1	-0.000953363467658	0	0	0
17	finalLog_goTrials_model043_startVal017_started2017-04-19-T215929	SAM_goTrials_model043_startVal017_exit1_started2017-04-19-T215929	17	1553.92916327177	00:26:24.80	1	36.6382073989341	70.9238441233457	0.182266183092495	0.129029603611603	0.0476561910927039	0.0920926334563593	0.000109349028675163	19.7059339177478	0	1	-0.00033310476538414	0	0	0	41.6618257673407	76.2926251786963	0.195633493837944	0.1919910851467	0.0122791329185139	0.0914105241417699	0.000717180935918595	15.2176407159631	0	1	-0.00129044637979806	0	0	0
12	finalLog_goTrials_model043_startVal012_started2017-04-19-T215016	SAM_goTrials_model043_startVal012_exit1_started2017-04-19-T215016	12	1645.18915999994	00:18:58.86	1	51.5162248517178	82.6392737458316	0.198843554430279	0.134988497829832	0.0201769150894384	0.09932235437057	0.000263253193113679	75.1025717169736	0	1	-3.03373202895779e-08	0	0	0	67.7631232113829	76.4806994887366	0.157847626842714	0.0371189327449342	0.0741898750640818	0.0506857278433808	0.000714415921538445	74.9713309569271	0	1	-5.55861528414876e-05	0	0	0
19	finalLog_goTrials_model043_startVal019_started2017-04-19-T215630	SAM_goTrials_model043_startVal019_exit1_started2017-04-19-T215630	19	1883.6148010836	00:24:02.50	1	67.9156104856235	91.7143078237967	0.262094668318424	0.188582357721827	0.0533650845826824	0.134329945821642	0.0160091120856163	67.4788006224687	0	1	-0.000904715111769708	0	0	0	64.5896082939899	91.5688051808827	0.236632150836689	0.264655838826662	0.00965370870838948	0.184487143292669	0.00770255207247163	92.9360086863607	0	1	-0.00136670568895928	0	0	0
