FileIndex	FileNameLog	FileNameSAM	StartValueIndex	FunctionValue	ElapsedTime	ExitFlag	BestX_ 1	BestX_ 2	BestX_ 3	BestX_ 4	BestX_ 5	BestX_ 6	BestX_ 7	BestX_ 8	BestX_ 9	BestX_10	BestX_11	BestX_12	BestX_13	BestX_14	BestX_15	StartX_ 1	StartX_ 2	StartX_ 3	StartX_ 4	StartX_ 5	StartX_ 6	StartX_ 7	StartX_ 8	StartX_ 9	StartX_10	StartX_11	StartX_12	StartX_13	StartX_14	StartX_15
2	finalLog_goTrials_model079_startVal002_started2017-04-19-T221226	SAM_goTrials_model079_startVal002_exit1_started2017-04-19-T221226	2	1025.88748617506	00:23:21.27	1	18.4028429169225	0.321138591170621	61.5947682633803	0.199240405613638	0.144525787871524	0.0307991394745535	0.0959862789624058	0.0519944493064395	68.0479909674374	0	1	-7.32784635041903e-05	0	0	0	4.92243553235607	7.33934861920602	66.8738147841659	0.244871897543978	0.169047293784852	0.0146161277862438	0.0825584830537594	0.0486340876009902	51.3961826133059	0	1	-0.000574517685316901	0	0	0
10	finalLog_goTrials_model079_startVal010_started2017-04-19-T222349	SAM_goTrials_model079_startVal010_exit1_started2017-04-19-T222349	10	1032.23023269636	00:41:17.95	1	30.8401303935594	0.981496632903997	85.4575952520001	0.439353165729523	0.38918732011821	0.277540470924824	0.331137874289905	0.0598841323382424	14.7133976704135	0	1	-0.00374482619429475	0	0	0	77.2222052602226	3.96975364990661	83.6943639203059	0.478932755147788	0.37884022715589	0.178831708631581	0.310774195630875	0.043295700247028	11.2273828150743	0	1	-0.00371085518089515	0	0	0
7	finalLog_goTrials_model079_startVal007_started2017-04-19-T221606	SAM_goTrials_model079_startVal007_exit1_started2017-04-19-T221606	7	1067.07040733439	00:33:42.42	1	29.7631960702944	6.65764435833964	63.5743661579135	0.243123481504028	0.183097496527071	0.0828889518586017	0.144871775298969	0.0495238671107919	84.1784316154348	0	1	-0.00124745280228022	0	0	0	30.2019064662745	33.6039194106944	48.4039331088665	0.195141799371798	0.228496334846903	0.0888694850145658	0.1002291229691	0.047217913776827	44.0417252554302	0	1	-0.00288761378764222	0	0	0
16	finalLog_goTrials_model079_startVal016_started2017-04-19-T223426	SAM_goTrials_model079_startVal016_exit1_started2017-04-19-T223426	16	1071.97878585191	00:24:48.35	1	31.5754137459905	13.5398052471646	80.748054720639	0.378320586060719	0.327892619825165	0.214125196178898	0.276012893237499	0.0557987277187177	24.8463250734476	0	1	-0.003141238436385	0	0	0	8.76421850779732	23.1617719677895	84.9678141352163	0.407242396017627	0.383699367480069	0.241366152079007	0.240067690190339	0.0502170018523618	21.6704156012051	0	1	-0.00321895880474282	0	0	0
13	finalLog_goTrials_model079_startVal013_started2017-04-19-T222347	SAM_goTrials_model079_startVal013_exit1_started2017-04-19-T222347	13	1075.10648147299	00:22:00.52	1	36.1302095709759	9.33879684209342	67.8664230920977	0.332172650232115	0.267633918287829	0.144693645358086	0.219727854065609	0.0514873436475702	95.2355451286181	0	1	-0.00280560581898003	0	0	0	13.2781703500396	10.8197749263193	54.2398642553728	0.287819748581697	0.281474190620038	0.270965816670835	0.25517183943639	0.0533099783397925	86.8079196813361	0	1	-0.00370766676626548	0	0	0
4	finalLog_goTrials_model079_startVal004_started2017-04-19-T221949	SAM_goTrials_model079_startVal004_exit1_started2017-04-19-T221949	4	1088.9610594427	00:24:40.90	1	34.2163770752858	17.4169696786568	70.5490758024255	0.280952201625961	0.226045002621225	0.103286198192128	0.175673921676137	0.0500768466624197	75.7747376346762	0	1	-0.00171888673388503	0	0	0	47	15	80	0.27	0.25	0.17	0.17	0.03	56	0	1	-0.001	0	0	0
19	finalLog_goTrials_model079_startVal019_started2017-04-19-T222759	SAM_goTrials_model079_startVal019_exit1_started2017-04-19-T222759	19	1091.42998389091	00:31:33.53	1	48.9173635500674	21.2081154631366	80.9008053679189	0.365757005602725	0.298703134872738	0.161138006840766	0.25209181387375	0.0597902209985745	76.7371206471263	0	1	-0.00253972132873651	0	0	0	66.4551726747222	5.3955807209526	97.4114318470976	0.359275343799686	0.364508944341497	0.110192840745641	0.293077329804383	0.047435251649474	61.081098211522	0	1	-0.00219117500656845	0	0	0
5	finalLog_goTrials_model079_startVal005_started2017-04-19-T221950	SAM_goTrials_model079_startVal005_exit1_started2017-04-19-T221950	5	1093.02175720356	00:28:22.17	1	16.5497427451459	0.689311804266365	64.5700751875189	0.19040151259687	0.146972559424826	0.0216579308743914	0.0955329113786704	0.0486642769396234	22.3342681633136	0	1	-4.04243433861848e-05	0	0	0	24.7533756415243	5.6322908181399	35.3335032114485	0.0968706882001247	0.0669069664398487	0.0018230794854853	0.0288973765127618	0.0485593580597394	6.47374931766321	0	1	-0.00126933817981801	0	0	0
15	finalLog_goTrials_model079_startVal015_started2017-04-19-T222757	SAM_goTrials_model079_startVal015_exit1_started2017-04-19-T222757	15	1095.12807191799	00:25:56.08	1	16.0074307950506	0.0945177405218484	53.0278572676734	0.203270540454492	0.144511211559817	0.0113732675195796	0.105779527598131	0.0512197853416431	95.6447625334777	0	1	-0.000764913215291227	0	0	0	8.87437418532246	15.7956726809888	35.0294723287776	0.233796034654936	0.213834577868589	0.0651876816052283	0.067968760659736	0.0518990587155507	96.6461979285077	0	1	-0.00382115536367521	0	0	0
9	finalLog_goTrials_model079_startVal009_started2017-04-19-T221613	SAM_goTrials_model079_startVal009_exit1_started2017-04-19-T221613	9	1102.77051785915	00:36:33.57	1	31.051215239984	13.0309503680851	77.1403813876334	0.363724621197693	0.310470173558272	0.186505712491405	0.259340406852991	0.0599866629197343	35.3492775977779	0	1	-0.00307440998339084	0	0	0	49.9064401555331	13.3814649934416	74.2496220604284	0.256608698814517	0.268966907175314	0.267921775673428	0.202428817110014	0.0597185061622574	26.0694181083067	0	1	-0.00296120220699518	0	0	0
17	finalLog_goTrials_model079_startVal017_started2017-04-19-T223104	SAM_goTrials_model079_startVal017_exit1_started2017-04-19-T223104	17	1114.76073417522	00:19:50.44	1	36.2003920075181	14.6583151387827	83.702114842375	0.339534371543981	0.296624023392825	0.192343536451351	0.249541106963146	0.05265562798656	1.00367891514084	0	1	-0.00247909882258548	0	0	0	29.6798272879509	12.8851623539469	83.3889187020567	0.294027741601258	0.256492595161676	0.199053693783693	0.312096859072043	0.051428251121457	0.923039239616223	0	1	-0.00285729128872664	0	0	0
11	finalLog_goTrials_model079_startVal011_started2017-04-19-T222344	SAM_goTrials_model079_startVal011_exit1_started2017-04-19-T222344	11	1122.14583192447	00:24:37.55	1	34.5948289336411	16.9102173419069	70.7094522729991	0.401145692974238	0.347522158547495	0.21112184726849	0.297885180316089	0.0436466734061146	57.6622206174781	0	1	-0.00434496164752955	0	0	0	27.0686843419281	17.148029415468	66.5646966269773	0.316314957343044	0.328915293163415	0.315167996118617	0.279169640743439	0.0361944250959951	62.3003203375229	0	1	-0.0046871219160984	0	0	0
20	finalLog_goTrials_model079_startVal020_started2017-04-19-T222755	SAM_goTrials_model079_startVal020_exit1_started2017-04-19-T222755	20	1126.97025696302	00:23:59.15	1	16.6772266887912	2.76545317232594	51.9761523740076	0.166232749613742	0.121206070433285	0.0480896812162197	0.0862954848005702	0.0295828754384702	65.745274116631	0	1	-0.00032224009047196	0	0	0	8.80040933370856	3.07085796715647	38.1180107291688	0.0911244265983826	0.048214335183436	0.119420825355364	0.0421367020769182	0.0224407839059208	39.1780291318593	0	1	-0.000812240982103025	0	0	0
8	finalLog_goTrials_model079_startVal008_started2017-04-19-T221602	SAM_goTrials_model079_startVal008_exit1_started2017-04-19-T221602	8	1149.52765571915	00:21:49.94	1	54.5909632296641	31.1703815136942	83.4683083346527	0.375948970089729	0.310693561997457	0.189879054376396	0.260182294524708	0.055244388736104	87.2782013940344	0	1	-0.00262365970632946	0	0	0	42.8796966436841	31.4554373344967	85.7605595378243	0.386855792936515	0.256954553097816	0.19430684362206	0.33255052246433	0.0455046837222452	86.4386089114186	0	1	-0.00220932200239535	0	0	0
14	finalLog_goTrials_model079_startVal014_started2017-04-19-T222800	SAM_goTrials_model079_startVal014_exit1_started2017-04-19-T222800	14	1203.97262332823	00:28:42.58	1	41.9658716245581	28.2145380351978	73.7536457697659	0.301521669710769	0.244961985929817	0.122522685686767	0.188575627957283	0.0455090753022985	70.8792266122277	0	1	-0.00210015137383979	0	0	0	45.2405073180429	31.8581237220153	69.2955812772384	0.335534104106483	0.26682946712005	0.0702522636075389	0.248975194700733	0.0374081171738555	54.431966594873	0	1	-0.00242227041164758	0	0	0
18	finalLog_goTrials_model079_startVal018_started2017-04-19-T222757	SAM_goTrials_model079_startVal018_exit1_started2017-04-19-T222757	18	1252.31835993304	00:26:18.51	1	51.4638051926191	33.8558711275668	77.6405068078748	0.273652950992643	0.201600272112293	0.107897645538274	0.153169738483699	0.0465703990291993	89.4136349453093	0	1	-0.00111387614873942	0	0	0	81.157005407144	24.1505023918465	92.3667136817993	0.26059366392846	0.230946891661046	0.16736340397146	0.198892637671844	0.0192448983092665	93.7662427700987	0	1	-0.000957944508956647	0	0	0
12	finalLog_goTrials_model079_startVal012_started2017-04-19-T222352	SAM_goTrials_model079_startVal012_exit1_started2017-04-19-T222352	12	1254.91876361877	00:25:04.18	1	25.7144381955694	14.481753117304	61.5846567032531	0.206302396341514	0.158168969013343	0.0672423099684616	0.122709603353071	0.020539128329495	16.7289657335585	0	1	-0.0012135189397318	0	0	0	38.0965126964818	19.4429942671138	59.5416173520927	0.200173599569172	0.178808728281577	0.0864583707060102	0.0795276935700808	0.0172758440535222	8.86387359239227	0	1	-0.00237110220853203	0	0	0
1	finalLog_goTrials_model079_startVal001_started2017-04-19-T221227	SAM_goTrials_model079_startVal001_exit1_started2017-04-19-T221227	1	1258.20208784275	00:20:49.64	1	45.0010732470323	32.3985153302098	90.7274360871475	0.242263995432823	0.191143173219935	0.0710144088088667	0.138100005253062	0.0492115421306878	13.9251558705181	0	1	-0.000334152667809498	0	0	0	58.6004143618258	32.4841978293257	88.140826176109	0.262264065247535	0.152204940228668	0.0713826016964155	0.144932752671825	0.0426240704796717	9.55402118744998	0	1	-0.000547259891221378	0	0	0
3	finalLog_goTrials_model079_startVal003_started2017-04-19-T221233	SAM_goTrials_model079_startVal003_exit1_started2017-04-19-T221233	3	1263.72927201845	00:25:17.54	1	57.7941299050844	34.3828035757777	109.647725308934	0.311028288113877	0.243036270719899	0.144296217867086	0.188230149692151	0.0598586599259831	7.15591894397709	0	1	-0.000593663055055947	0	0	0	95.0616350819524	34.4304171852958	121.851480611615	0.302585430073652	0.258954963299115	0.103658537371508	0.206561130849798	0.0574623216024158	63.8733774322669	0	1	-0.000146890860201801	0	0	0
6	finalLog_goTrials_model079_startVal006_started2017-04-19-T221609	SAM_goTrials_model079_startVal006_exit1_started2017-04-19-T221609	6	1435.54969542807	00:38:34.31	1	46.4530293622149	30.1392875607793	68.729127648747	0.211172151450263	0.151581547400722	0.0781112684659583	0.123800399921386	0.00219481130549225	52.5652168111336	0	1	-0.000956801578102169	0	0	0	60.9393961786044	26.2847120589415	70.5682240795024	0.175092369459635	0.127761777702619	0.0806138385365934	0.141928890072284	0.00172475566036894	46.8073476140115	0	1	-0.0011396156640898	0	0	0
