FileIndex	FileNameLog	FileNameSAM	StartValueIndex	FunctionValue	ElapsedTime	ExitFlag	BestX_ 1	BestX_ 2	BestX_ 3	BestX_ 4	BestX_ 5	BestX_ 6	BestX_ 7	BestX_ 8	BestX_ 9	BestX_10	BestX_11	BestX_12	BestX_13	BestX_14	BestX_15	StartX_ 1	StartX_ 2	StartX_ 3	StartX_ 4	StartX_ 5	StartX_ 6	StartX_ 7	StartX_ 8	StartX_ 9	StartX_10	StartX_11	StartX_12	StartX_13	StartX_14	StartX_15
2	finalLog_goTrials_model079_startVal002_started2017-04-20-T010220	SAM_goTrials_model079_startVal002_exit1_started2017-04-20-T010220	2	848.568169809862	00:32:22.36	1	17.0347340948201	45.7826556875978	86.5148909395443	0.260545283050656	0.228115950270133	0.142683880982667	0.180083024199977	0.0091040987016475	57.0188146609742	0	1	-0.00105448873450697	-0.000947125843511309	0	0	15	47	85	0.23	0.21	0.17	0.17	0.01	56	0	1	-0.001	-0.01	0	0
13	finalLog_goTrials_model079_startVal013_started2017-04-20-T011353	SAM_goTrials_model079_startVal013_exit1_started2017-04-20-T011353	13	862.688532892045	00:35:11.11	1	34.2645390389626	75.5122516497483	136.495209398002	0.27932411062524	0.232513425991502	0.0257158390717387	0.170692957599811	0.017633772775646	37.0563915813196	0	1	-9.3939883178051e-06	-0.000490648888423761	0	0	33.6076487663468	97.3888943241224	129.46719814984	0.257757958951629	0.217522169171257	0.103658537371508	0.206561130849798	0.0191541072008053	63.8733774322669	0	1	-0.000146890860201801	-0.142220840215249	0	0
3	finalLog_goTrials_model079_startVal003_started2017-04-20-T010824	SAM_goTrials_model079_startVal003_exit1_started2017-04-20-T010824	3	1102.22503626186	01:15:16.87	1	0.740368552222408	18.5891626700842	65.099485033192	0.201112939901288	0.174119241404513	0.0167698372974747	0.112831774093481	0.0105763082136189	102.922677408479	0	1	-0.000481508357953231	-0.00666743559972383	0	0	15.6930519223273	13.7262481876669	50.7449060000707	0.27861880952419	0.254248339176915	0.0884048214609482	0.274504166726435	0.00747193264461835	75.7320612366279	0	1	-0.00424718013321705	-0.113494342013697	0	0
14	finalLog_goTrials_model079_startVal014_started2017-04-20-T011351	SAM_goTrials_model079_startVal014_exit1_started2017-04-20-T011351	14	1105.0551874428	00:38:11.77	1	16.5548666957675	30.391566039631	82.5308660719539	0.207829801877623	0.174970926582835	0.0004410299452639	0.105252732269121	0.0114960998016468	37.2761184787282	0	1	-0.00013866524582319	-0.00757032093060628	0	0	15.3560525879739	27.2319058263716	49.3786235630356	0.252084212374403	0.203796791918903	0.0621235252766592	0.241141924201413	0.0115509469724437	32.7352830330502	0	1	-0.00359891193591825	-0.0919323940739346	0	0
6	finalLog_goTrials_model079_startVal006_started2017-04-20-T011354	SAM_goTrials_model079_startVal006_exit1_started2017-04-20-T011354	6	1181.57913799912	00:54:23.25	1	0.506471332812433	11.7284118326211	67.598378283758	0.172857734811194	0.144499616703774	0.0193618867686333	0.0799551366854826	0.00708316866246372	33.5885530049513	0	1	-1.55797727069322e-05	-0.0120745156601345	0	0	2.88195326187266	2.25307461332163	65.3050369865198	0.240427516499528	0.203738173216376	0.059121253571253	0.0556051810324851	0.0167654258115247	26.3203399606133	0	1	-0.00171806026713083	-0.288854303883307	0	0
9	finalLog_goTrials_model079_startVal009_started2017-04-20-T011352	SAM_goTrials_model079_startVal009_exit1_started2017-04-20-T011352	9	1207.24468815452	00:28:52.25	1	3.64846540614517	47.3042293386975	85.126031968906	0.373230975943947	0.366617824678832	0.0716286584682712	0.321374258655427	0.00982824066945299	64.1266193163162	0	1	-0.00334515503939802	-0.000898028746069035	0	0	3.60621700164493	61.1804764253445	74.7467374745961	0.361455758970658	0.378220339353594	0.0495920509815573	0.302312802865468	0.00861338783916284	56.0804469187557	0	1	-0.00284276108405697	-0.00484983640323333	0	0
11	finalLog_goTrials_model079_startVal011_started2017-04-20-T011726	SAM_goTrials_model079_startVal011_exit1_started2017-04-20-T011726	11	1223.7432183275	01:18:05.18	1	20.0256810049198	38.9609089614186	78.0151943383652	0.334396773664023	0.313734697328151	0.135457604591745	0.243666717751062	0.00962707802349756	78.5862132170187	0	1	-0.00255799556643327	-0.00754635093338329	0	0	27.1676360696806	27.2648320519665	76.8954187056517	0.304786522571708	0.353122852993633	0.173325545829316	0.200130375222763	0.00901040728091258	72.8026571829423	0	1	-0.00262780610250958	-0.0183024262211446	0	0
8	finalLog_goTrials_model079_startVal008_started2017-04-20-T011357	SAM_goTrials_model079_startVal008_exit1_started2017-04-20-T011357	8	1334.11735390151	00:51:27.73	1	14.9708147868249	26.1490013933078	70.2082780741031	0.277096574119074	0.2522000435516	0.0521157941305783	0.171316321450291	0.0158540073373296	52.1651845399406	0	1	-0.00234164812464774	-0.0120622328780982	0	0	24.8771357205875	14.3132720581919	69.9145532112181	0.27284988785802	0.206198066695982	0.0750119693838643	0.246664909430263	0.0141015882795151	47.5742734664355	0	1	-0.00255974385304781	-0.0582548224664777	0	0
16	finalLog_goTrials_model079_startVal016_started2017-04-20-T011630	SAM_goTrials_model079_startVal016_exit1_started2017-04-20-T011630	16	1495.33635840758	00:35:45.41	1	5.51411893838033	14.1069437584769	68.4801134889472	0.192827651676124	0.148800578044668	1.16744991069284e-06	0.0646696638230822	0.0185465921980687	31.8679394186607	0	1	-0.000262268979421208	-0.361818677670342	0	0	11.364802068733	14.4254073511538	38.8144809232273	0.0978114850835109	0.135569084544137	0.0956878445026236	0.0603822997491043	0.0191856548469661	17.8493215828101	0	1	-0.00202625950163026	-0.386962387444806	0	0
10	finalLog_goTrials_model079_startVal010_started2017-04-20-T011724	SAM_goTrials_model079_startVal010_exit1_started2017-04-20-T011724	10	1510.41618738575	00:34:15.45	1	3.6444687817605e-06	4.85485468673372	68.1115323702831	0.177551000475521	0.135611997196792	0.0112008420248125	0.0720298625806057	0.0185456888697509	11.6063301111404	0	1	-0.000113354593551958	-0.121961226753588	0	0	8.7511934086197	15.9313368855957	37.541847162164	0.0825194751334395	0.0562018518094729	0.0018230794854853	0.0288973765127618	0.0161864526865798	6.47374931766321	0	1	-0.00126933817981801	-0.0075187885390241	0	0
1	finalLog_goTrials_model079_startVal001_started2017-04-20-T010216	SAM_goTrials_model079_startVal001_exit1_started2017-04-20-T010216	1	1554.57850770893	00:25:39.46	1	4.60206518984223	10.5028608128543	68.1817726484163	0.202362376312733	0.159051293052987	0.00517416367408878	0.0753485589548032	0.0166614202590585	58.1898000784242	0	1	-0.000451454559781106	-0.180193882141994	0	0	1.74025498618649	20.7598718086113	71.0534282081763	0.208594579389315	0.141999726779276	0.0146161277862438	0.0825584830537594	0.0162113625336634	51.3961826133059	0	1	-0.000574517685316901	-0.239748053829619	0	0
4	finalLog_goTrials_model079_startVal004_started2017-04-20-T011102	SAM_goTrials_model079_startVal004_exit1_started2017-04-20-T011102	4	1562.70545189375	00:41:43.33	1	9.38807078178329	15.6183873096117	62.4154547400957	0.212436053616671	0.163057940453453	0.000796813602066932	0.0898443369917337	0.00321609523127315	80.1942254303884	0	1	-0.0010903995582117	-0.206039020496495	0	0	16.1254078041144	13.2994958311421	48.0636777616089	0.162784416409888	0.134615394542176	0.0472562224979116	0.23579428930403	0.00333094937383188	57.1056244708855	0	1	-0.00222946858762184	-0.224342143558467	0	0
15	finalLog_goTrials_model079_startVal015_started2017-04-20-T011733	SAM_goTrials_model079_startVal015_exit1_started2017-04-20-T011733	15	1706.09100331814	00:44:45.08	1	16.9302762841708	22.7747179270699	54.3828549177185	0.19957367836846	0.149794580947483	6.45691220828037e-05	0.0864013080778656	0.00300903108906263	107.965270877163	0	1	-0.0013611930013106	-0.242768595456829	0	0	15.2065506096384	38.7823319226263	44.674779980458	0.15576344991908	0.173883633934256	0.0513575829670732	0.0322017740784933	0.00134726816691134	93.1698943154809	0	1	-0.00228622834452882	-0.160925994332425	0	0
17	finalLog_goTrials_model079_startVal017_started2017-04-20-T011921	SAM_goTrials_model079_startVal017_exit1_started2017-04-20-T011921	17	1709.29484110738	00:38:38.46	1	33.5265249608237	48.0676262289789	86.6024579714667	0.396330211714397	0.311470381243697	2.02532361945562e-06	0.236704349730228	0.0184075761964401	109.452584504199	0	1	-0.00272959990172824	-0.0234595817231581	0	0	33.2860981970909	37.4337727140382	86.6162005443016	0.371596035718115	0.353970608298387	0.0152450922000749	0.262198158418917	0.0177250980558003	108.052308695259	0	1	-0.00256868904695899	-0.145218724049949	0	0
5	finalLog_goTrials_model079_startVal005_started2017-04-20-T010803	SAM_goTrials_model079_startVal005_exit1_started2017-04-20-T010803	5	1729.30389784395	00:28:41.28	1	34.9478471523497	52.4664969246966	77.1592808896245	0.208309140953284	0.147096403345781	3.12756426652205e-05	0.078490728053188	0.00459553614746357	65.35661675313	0	1	-6.83449777112754e-05	-0.355154458032127	0	0	29.5883577697929	63.268106248534	84.459168528525	0.183627380566963	0.12937735613487	0.105145666933024	0.197813406502299	0.00242493339359348	46.2480973626894	0	1	-4.64895189502702e-05	-0.349902262295109	0	0
18	finalLog_goTrials_model079_startVal018_started2017-04-20-T011912	SAM_goTrials_model079_startVal018_exit1_started2017-04-20-T011912	18	1814.17765352842	00:28:58.19	1	26.4760603854119	42.0655078129415	63.9200458266802	0.220162638212773	0.169851813356698	0.000498698619727759	0.0937212133579459	0.0108345039909584	71.3877930975062	0	1	-0.0012472906430718	-0.324221289795631	0	0	23.3770642550768	39.2327346024678	60.1186303035623	0.206725923696302	0.223665348623201	0.152140912665433	0.0673812639088942	0.00861972175372257	34.3181452007335	0	1	-0.00232396470882935	-0.263249309576218	0	0
19	finalLog_goTrials_model079_startVal019_started2017-04-20-T011918	SAM_goTrials_model079_startVal019_exit1_started2017-04-20-T011918	19	1925.54064346001	00:30:32.12	1	4.41614829884793	7.61796361303559	63.6906559330289	0.271889888091345	0.234947660011878	0.0363607297176542	0.166245098054523	0.0134323386344264	56.0663493216101	0	1	-0.00295638015594768	-0.340587655009907	0	0	6.09601352317096	1.54667556551542	64.9464842659818	0.28174095855908	0.224425877060611	0.208054530744605	0.135764462180865	0.00913120767591056	47.6079272348588	0	1	-0.00255117989753579	-0.422587506664213	0	0
20	finalLog_goTrials_model079_startVal020_started2017-04-20-T011916	SAM_goTrials_model079_startVal020_exit1_started2017-04-20-T011916	20	2126.51925096703	00:39:26.38	1	34.5699046980527	44.3919483430608	85.0937885604984	0.385336282609373	0.325296662773809	0.0035802264114488	0.308291991838246	0.00265707394079486	22.7318276007875	0	1	-0.00326103949586589	-0.246869067262136	0	0	29.52905378523	47.6013667107601	70.1065423913098	0.372989789956422	0.363408245898625	0.257718779608605	0.288094867043397	0.00157049757631413	20.9377840632573	0	1	-0.00464075527632713	-0.297371010265198	0	0
7	finalLog_goTrials_model079_startVal007_started2017-04-20-T011456	SAM_goTrials_model079_startVal007_exit1_started2017-04-20-T011456	7	2163.15965007074	00:33:38.30	1	28.0422753348453	50.373442578413	79.6973008357175	0.33370000266343	0.256618922574287	0.00031136465583214	0.21299530385363	0.016776718416637	89.2208921694728	0	1	-0.00223040104340292	-0.419035095457991	0	0	19.2339037455319	70.5290657731626	79.4778932024987	0.32210353389715	0.285681465068182	0.0277745027560675	0.170849437751569	0.0155279851055563	85.2250983122592	0	1	-0.0024576105897551	-0.347299131261693	0	0
12	finalLog_goTrials_model079_startVal012_started2017-04-20-T011642	SAM_goTrials_model079_startVal012_exit1_started2017-04-20-T011642	12	2310.40469095325	01:16:02.61	1	28.7034288113769	40.9755395529446	72.3295452235898	0.331695507719932	0.28784049457758	0.0674347132629512	0.212909570397505	0.0167387440156462	73.6551524690319	0	1	-0.00328752214480459	-0.453633068891516	0	0	23.2705717337361	62.3880602992105	66.5161641642896	0.297527706568063	0.302740394952651	0.0850499264029172	0.214780345791944	0.0156842424646596	68.9962225957289	0	1	-0.00359331781968561	-0.39244403852711	0	0
