FileIndex	FileNameLog	FileNameSAM	StartValueIndex	FunctionValue	ElapsedTime	ExitFlag	BestX_ 1	BestX_ 2	BestX_ 3	BestX_ 4	BestX_ 5	BestX_ 6	BestX_ 7	BestX_ 8	BestX_ 9	BestX_10	BestX_11	BestX_12	BestX_13	BestX_14	BestX_15	BestX_16	BestX_17	StartX_ 1	StartX_ 2	StartX_ 3	StartX_ 4	StartX_ 5	StartX_ 6	StartX_ 7	StartX_ 8	StartX_ 9	StartX_10	StartX_11	StartX_12	StartX_13	StartX_14	StartX_15	StartX_16	StartX_17
9	finalLog_goTrials_model079_startVal009_started2016-03-29-T080731	SAM_goTrials_model079_startVal009_exit1_started2016-03-29-T080731	9	938.067808572705	03:06:28.18	1	7.97870359151703	9.2319583089554	125.655054048033	0.454185022679064	0.420227956882236	0.382425335708561	0.226434007592384	0.298154092361071	0.352940930924986	0.0948076840703357	2.2262204477421	0	1	-0.000334171400075477	0	0	0	41.2364442859421	2.96073519332309	122.377646545303	0.504247610759981	0.348461251731899	0.313058529543873	0.216373852731468	0.239191404035955	0.34527568748291	0.0892217333373334	0.456961280823887	0	1	-0.000592771405243516	0	0	0
12	finalLog_goTrials_model079_startVal012_started2016-03-29-T080746	SAM_goTrials_model079_startVal012_exit1_started2016-03-29-T080746	12	947.62507272404	03:08:27.17	1	4.60183307775251	2.96272391903575	103.573736632504	0.459888194048654	0.440912159655677	0.398843084154017	0.271580039595729	0.32291409323609	0.372634604045041	0.0729638110587135	9.0514611070326	0	1	-0.00172791597136178	0	0	0	1.65842148700915	21.5276334071439	79.8586175309897	0.496497259532534	0.413912078843485	0.391657930343327	0.117437856877393	0.182486089460293	0.367564845895003	0.0877213340106178	6.43620226232289	0	1	-0.00324719314776636	0	0	0
2	finalLog_goTrials_model079_startVal002_started2016-03-29-T080745	SAM_goTrials_model079_startVal002_exit1_started2016-03-29-T080745	2	959.143993041743	04:05:30.58	1	30.6738286813819	34.0242125559284	134.331535864857	0.489457738118644	0.459532160734385	0.408655320552699	0.251165420125558	0.31969153942218	0.381192171543787	0.0980482261595114	31.2892626192223	0	1	-0.000538587151286653	0	0	0	41.2997132128922	44.3600892294358	125.689012323017	0.536743006829425	0.445371944074405	0.3483834625166	0.154937570795229	0.245244010571486	0.360184894991494	0.0677640568822321	65.8992286418218	0	1	-0.000669234395493846	0	0	0
4	finalLog_goTrials_model079_startVal004_started2016-03-29-T080706	SAM_goTrials_model079_startVal004_exit1_started2016-03-29-T080706	4	974.144292722143	03:07:49.86	1	18.5375662904872	18.7601127423136	106.596337570756	0.377738585028313	0.344137048631653	0.310734845027648	0.134540558248911	0.233347831237562	0.27767641271562	0.0774601141923818	38.5806906277349	0	1	-4.02844007406974e-05	0	0	0	21.1191428645052	37.3841898600531	103.432455558387	0.42424591955899	0.350081016007655	0.206743855522308	0.109918808324519	0.169412650588578	0.236524616081779	0.0862758676670053	33.6737262363222	0	1	-0.00030125513220708	0	0	0
16	finalLog_goTrials_model079_startVal016_started2016-03-29-T080742	SAM_goTrials_model079_startVal016_exit1_started2016-03-29-T080742	16	983.792236841148	04:08:09.20	1	9.2852787424833	9.77128580738266	96.4338052827517	0.437766144662757	0.401678516971689	0.364338783422501	0.206092621597462	0.273584564399114	0.332320891340993	0.0807616837667654	64.0012651692226	0	1	-0.00116797947853942	0	0	0	45.2955951624763	51.710253154196	85.6716847657824	0.373408897460347	0.369522273897836	0.322876647316534	0.0146342574479651	0.263074901193051	0.163915589910417	0.0681861009584617	64.19846974255	0	1	-0.00158794463277531	0	0	0
14	finalLog_goTrials_model079_startVal014_started2016-03-29-T080729	SAM_goTrials_model079_startVal014_exit1_started2016-03-29-T080729	14	988.880365591646	02:59:40.32	1	18.4348334216712	18.816828967059	109.165170207066	0.420626709217866	0.379386290670307	0.33906838144684	0.175245665125877	0.252581247995165	0.30010195313944	0.090814676552732	68.0545469596017	0	1	-0.000112140222340272	0	0	0	14.8766901683389	36.5688471184836	105.963348167985	0.327547195101249	0.278441802008979	0.366402228711853	0.294590857439753	0.279733473861897	0.308163827731007	0.0760796103459423	62.0083371747321	0	1	-0.000374266559824607	0	0	0
13	finalLog_goTrials_model079_startVal013_started2016-03-29-T080745	SAM_goTrials_model079_startVal013_exit1_started2016-03-29-T080745	13	997.549931663709	02:53:45.09	1	24.6996803650646	23.3168715049011	111.615229512507	0.434294402482436	0.391146741135331	0.350628522090413	0.187839076046319	0.263288571763265	0.319050576356424	0.0863882231548501	67.3507052310733	0	1	-0.000342946372542376	0	0	0	28.9543317898615	38.9723483817662	98.1744108118141	0.471948933962018	0.415232654341804	0.325112280307893	0.142412222642258	0.171208899650334	0.408781371301733	0.0952771191845256	54.7781768895192	0	1	-0.00246069957954776	0	0	0
5	finalLog_goTrials_model079_startVal005_started2016-03-29-T080709	SAM_goTrials_model079_startVal005_exit1_started2016-03-29-T080709	5	1011.33810294941	02:44:51.93	1	11.3255242454095	10.8022351774964	89.5206530793018	0.320609767317937	0.296402535340393	0.262773511705221	0.154471283773188	0.201264550664723	0.240825982169149	0.0523293707107883	13.0601365656151	0	1	-0.000288670324052327	0	0	0	5.22030878953227	24.8393733156459	87.0335610181214	0.248211427987166	0.304936516735658	0.313073318841466	0.117842827396897	0.129493901362415	0.252360351317857	0.0854340183649785	9.01298525305074	0	1	-0.000652055836856008	0	0	0
8	finalLog_goTrials_model079_startVal008_started2016-03-29-T080741	SAM_goTrials_model079_startVal008_exit1_started2016-03-29-T080741	8	1016.72454144118	03:08:43.38	1	13.4486938912011	12.3037481923386	92.1680655934743	0.420192595781317	0.390686063882753	0.364151141541822	0.240599296057601	0.303729730791357	0.341573431512958	0.0512295556685913	14.9074068255284	0	1	-0.00203880331349881	0	0	0	26.7736927566025	5.59143392103063	82.7136297896119	0.433618044814498	0.424639509207185	0.321748809369644	0.2882381761861	0.280075059096356	0.250489585869049	0.062282138266756	9.16365251874438	0	1	-0.00244229576840374	0	0	0
18	finalLog_goTrials_model079_startVal018_started2016-03-29-T080736	SAM_goTrials_model079_startVal018_exit1_started2016-03-29-T080736	18	1018.2194000411	03:06:28.80	1	28.9632866839492	29.3630033571016	105.40747327599	0.371818235808401	0.34422484083411	0.299650717958408	0.146537748745261	0.222691822824034	0.272520439963382	0.0691086811779217	54.6585865934188	0	1	-0.00013404006091413	0	0	0	43.0716813252617	43.4291255817671	92.340551315063	0.365849639472936	0.269655509376139	0.310350399026069	0.0771678944531022	0.108647895257557	0.366798410977982	0.0896514238355332	52.275866944472	0	1	-0.00199263173465257	0	0	0
6	finalLog_goTrials_model079_startVal006_started2016-03-29-T080747	SAM_goTrials_model079_startVal006_exit1_started2016-03-29-T080747	6	1019.85799775792	03:01:08.02	1	26.6885835162847	26.3341185715758	101.518196724798	0.468966641604597	0.441330083557438	0.397927527858594	0.242858195330837	0.318462552887511	0.372925892636557	0.0695529745491819	62.7579661090279	0	1	-0.00183842525669686	0	0	0	39.7674424558414	29.0907356480636	100.082053361773	0.375049850828938	0.456508850626776	0.413255562769842	0.225377314581157	0.342764798983775	0.312739439511972	0.0630757626740935	58.4591411482946	0	1	-0.00190372529402016	0	0	0
1	finalLog_goTrials_model079_startVal001_started2016-03-29-T080743	SAM_goTrials_model079_startVal001_exit1_started2016-03-29-T080743	1	1066.98159381998	03:29:15.97	1	17.2307679116163	18.7141398585408	83.6690653304647	0.307273535176471	0.28632248774035	0.248182901435037	0.0941078074567229	0.184604446741043	0.224135504127483	0.0515677219942432	49.149716479909	0	1	-0.000332645868767651	0	0	0	22	25	74	0.27	0.26	0.24	0.19	0.2	0.21	0.05	40	0	1	-0.001	0	0	0
20	finalLog_goTrials_model079_startVal020_started2016-03-29-T080735	SAM_goTrials_model079_startVal020_exit1_started2016-03-29-T080735	20	1106.95978375002	03:28:12.54	1	29.2837604322214	25.0615636638412	112.101350822125	0.452484641123259	0.413135302068509	0.366909435950436	0.176958322492719	0.269052571112542	0.324721165637256	0.0872754212146658	79.824558390349	0	1	-0.000577697161976604	0	0	0	48.0084959748233	30.0548921232301	93.2121267197812	0.451530464713285	0.422969177747525	0.308340040359129	0.0630296171094891	0.391431904495283	0.303580084533222	0.0698643664268975	75.2018153500575	0	1	-0.00156248221044218	0	0	0
10	finalLog_goTrials_model079_startVal010_started2016-03-29-T080741	SAM_goTrials_model079_startVal010_exit1_started2016-03-29-T080741	10	1107.6058240082	03:26:24.60	1	35.9624371719654	35.3610643208637	96.5299726803209	0.410324709335597	0.381913731096351	0.350176817455039	0.23660397089824	0.288868503826827	0.326642702294715	0.0419641962965036	29.6106393497917	0	1	-0.00186320520748565	0	0	0	43.8120417664756	23.1124153562427	88.8892653330332	0.416264810424607	0.420906242482075	0.354000706631276	0.27574907324055	0.303466456890849	0.282672048021168	0.0255542414738172	28.7802069810402	0	1	-0.00219957727019016	0	0	0
17	finalLog_goTrials_model079_startVal017_started2016-03-29-T080718	SAM_goTrials_model079_startVal017_exit1_started2016-03-29-T080718	17	1109.00430424945	03:45:27.58	1	8.29259390403897	3.83133763336166	75.6409363911805	0.310778667011122	0.278415684825875	0.247350999283419	0.116669455730597	0.178347701597279	0.215872407504897	0.0593690654767474	73.8026579973891	0	1	-0.000181755944391199	0	0	0	8.28051144367251	40.7497916591473	67.5274883688794	0.329383776576865	0.230291131730669	0.18989240710379	0.077175007026617	0.123965040178978	0.10210654326573	0.0879421641426555	74.2629978439784	0	1	-0.0013739758042558	0	0	0
19	finalLog_goTrials_model079_startVal019_started2016-03-29-T080744	SAM_goTrials_model079_startVal019_exit1_started2016-03-29-T080744	19	1138.27174489264	03:14:18.86	1	35.2822146922818	35.3169962655871	102.809456889637	0.347868046227035	0.319154913692353	0.281419920153152	0.126651299148559	0.228331420870189	0.264777435198085	0.0443612242644983	12.140097053313	0	1	-0.000542006532725479	0	0	0	36.6540759285951	54.6606137934638	88.8371580805414	0.311747245333981	0.382772221901952	0.251186292991617	0.0710139969678612	0.221598128657585	0.164375843523044	0.0932392103597944	4.39102960680581	0	1	-0.00189010418210802	0	0	0
15	finalLog_goTrials_model079_startVal015_started2016-03-29-T080746	SAM_goTrials_model079_startVal015_exit1_started2016-03-29-T080746	15	1148.28050173201	03:15:20.31	1	4.43544773750409	1.45975953692255	69.8764498988028	0.285703650328501	0.258560341879238	0.224966740120276	0.0648106491531347	0.170051002114653	0.209237600462626	0.0374439346541722	43.9265845339678	0	1	-0.00051685460931082	0	0	0	6.95927551206625	0.625057245022601	65.1207706480843	0.238828431086594	0.205888912804709	0.191809965397038	0.030360787134059	0.256154117269108	0.211012027936065	0.0763381567580764	39.0500033494228	0	1	-0.00138775185627327	0	0	0
3	finalLog_goTrials_model079_startVal003_started2016-03-29-T080732	SAM_goTrials_model079_startVal003_exit1_started2016-03-29-T080732	3	1164.48315603698	03:21:34.32	1	0.487957540387999	2.54731173812915	60.0259793729348	0.250769229991092	0.225570561474411	0.197106129523791	0.0949819015478456	0.146929183821088	0.180459533433822	0.0276522755127126	78.3111268086679	0	1	-0.000282915193156996	0	0	0	0.166312025251063	14.1953011197745	57.724164921289	0.238508610665808	0.267202231249909	0.170603420615087	0.117927823007078	0.103787722728007	0.159951517132655	0.0193715261777417	78.0328270485151	0	1	-0.00048225129877465	0	0	0
7	finalLog_goTrials_model079_startVal007_started2016-03-29-T080744	SAM_goTrials_model079_startVal007_exit1_started2016-03-29-T080744	7	1204.43484259065	02:48:13.08	1	13.1939898646986	12.6965252376351	127.803495081259	0.45881593414969	0.420032628725369	0.37885776172895	0.0861482730557307	0.301775775649404	0.349334603052298	0.0927924524077256	0.153931228516337	0	1	-0.000276044156579352	0	0	0	15.8848704173439	11.0472866870492	118.661330633371	0.434438087388122	0.392149583257924	0.430160598108874	0.0663028275969765	0.270792835280176	0.38955070165377	0.0871385367393402	0.196344994162487	0	1	-0.000297924722814327	0	0	0
11	finalLog_goTrials_model079_startVal011_started2016-03-29-T080747	SAM_goTrials_model079_startVal011_exit1_started2016-03-29-T080747	11	1219.82398628248	02:59:01.44	1	10.2144000513649	7.26720854642413	79.3970731550201	0.328559807038598	0.29176767804055	0.253991705702368	0.03607481433606	0.17796328060891	0.225339903052693	0.0639833805284727	79.9999671275617	0	1	-0.000105868845935453	0	0	0	16.4982639551823	38.5318730530328	72.6056360334727	0.302566007896836	0.303967321959162	0.175139164494536	0.0237581575498027	0.220245656872537	0.196717101910802	0.0854679699791956	65.1144515315604	0	1	-0.00200465221147444	0	0	0
