FileIndex	FileNameLog	FileNameSAM	StartValueIndex	FunctionValue	ElapsedTime	ExitFlag	BestX_ 1	BestX_ 2	BestX_ 3	BestX_ 4	BestX_ 5	BestX_ 6	BestX_ 7	BestX_ 8	BestX_ 9	BestX_10	BestX_11	BestX_12	BestX_13	StartX_ 1	StartX_ 2	StartX_ 3	StartX_ 4	StartX_ 5	StartX_ 6	StartX_ 7	StartX_ 8	StartX_ 9	StartX_10	StartX_11	StartX_12	StartX_13
11	finalLog_goTrials_model002_startVal011_started2016-11-19-T014335	SAM_goTrials_model002_startVal011_exit1_started2016-11-19-T014335	11	1365.61193179966	00:27:17.53	1	3.17292143792796	18.4401664352701	177.714051213696	1.41617310146125	1.30171805921759	0.116079362080816	26.6409786459179	0	1	-0.00694631367190108	0	0	0	1.42924551374192	22.2305677055824	150.917666389882	1.41476582436913	1.30610158556919	0.124821735386315	28.2432576694516	0	1	-0.00782214110502529	0	0	0
16	finalLog_goTrials_model002_startVal016_started2016-11-19-T014558	SAM_goTrials_model002_startVal016_exit1_started2016-11-19-T014558	16	1378.73752784068	00:17:23.77	1	9.30784813695107	15.9596867135376	181.322878800539	1.43840211583648	1.32350715023933	0.11212804737202	14.753593821317	0	1	-0.00696367480132453	0	0	0	9.98342818591446	11.98537161639	169.59804126853	1.57848546529443	1.24076164603821	0.125985800985928	15.828382630305	0	1	-0.0074469072556086	0	0	0
12	finalLog_goTrials_model002_startVal012_started2016-11-19-T014559	SAM_goTrials_model002_startVal012_exit1_started2016-11-19-T014559	12	1390.56508343344	00:27:34.24	1	15.6270051734415	18.8732505758939	197.428849842669	1.30543656947688	1.16211354459896	0.156738264772173	32.2375217194362	0	1	-0.00511976584406028	0	0	0	14.8492496699062	20.6788121210081	186.622555757226	1.15683922212492	1.13230809211593	0.165052482100521	29.8335000080391	0	1	-0.0059641382341443	0	0	0
13	finalLog_goTrials_model002_startVal013_started2016-11-19-T014600	SAM_goTrials_model002_startVal013_exit1_started2016-11-19-T014600	13	1393.11726611042	00:33:24.86	1	9.35342848113083	8.02745517894316	215.190763955593	1.61969983520206	1.48352231843254	0.144919499469643	14.46473585396	0	1	-0.00640400012722825	0	0	0	9.17871763672727	8.66056630513323	210.603184310972	1.44592925268292	1.5859312977551	0.16370456640478	12.5540015159435	0	1	-0.00602154398998981	0	0	0
8	finalLog_goTrials_model002_startVal008_started2016-11-19-T014334	SAM_goTrials_model002_startVal008_exit1_started2016-11-19-T014334	8	1395.71006463564	00:30:47.45	1	3.50466362867243	1.48035168675659	257.572096293417	1.83557123822715	1.672496118722	0.173748780743173	0.105029401760954	0	1	-0.00594727541073635	0	0	0	6.34307883184928	9.12448039632794	282.370390310152	1.63833795029773	1.46175214549342	0.157634022428149	31.0545467399265	0	1	-0.00405347743247838	0	0	0
14	finalLog_goTrials_model002_startVal014_started2016-11-19-T014558	SAM_goTrials_model002_startVal014_exit1_started2016-11-19-T014558	14	1420.43553087244	00:28:03.38	1	4.87424869687565	9.7238764017327	107.549650052222	0.836816798955244	0.772836850329525	0.0468845518858258	17.7693644575057	0	1	-0.00694866858398271	0	0	0	3.47712271481838	15.9002275680461	106.315631729163	0.931052861384505	0.701994709590206	0.0596710890033773	13.4961751840068	0	1	-0.0075911790927835	0	0	0
7	finalLog_goTrials_model002_startVal007_started2016-11-19-T014332	SAM_goTrials_model002_startVal007_exit1_started2016-11-19-T014332	7	1420.98617209212	00:15:48.04	1	12.4358365167941	5.63013022344818	164.493161192377	1.28775432345079	1.1864838109245	0.102078309935993	19.4834598085407	0	1	-0.00684214146993502	0	0	0	12.1881390173088	7.66012066250352	141.555279640848	1.40854943851359	1.14430591526568	0.159198452417137	13.3481768263546	0	1	-0.0084690967295762	0	0	0
4	finalLog_goTrials_model002_startVal004_started2016-11-19-T014333	SAM_goTrials_model002_startVal004_exit1_started2016-11-19-T014333	4	1423.09564275085	00:15:20.53	1	14.3546665959062	19.6057178846123	196.451110194052	1.08801588695807	0.937317562727636	0.164032877478536	24.5636942557818	0	1	-0.00364239193921583	0	0	0	12.5965046945418	15.1618152114615	206.499337588998	1.03271145629712	1.01962751184167	0.131243527958496	36.3841012744494	0	1	-0.00319323902405625	0	0	0
15	finalLog_goTrials_model002_startVal015_started2016-11-19-T014559	SAM_goTrials_model002_startVal015_exit1_started2016-11-19-T014559	15	1431.5956657869	00:22:48.54	1	10.0101413729237	30.9765229345452	200.853662983921	1.25759700149195	1.11542352571053	0.147692390383211	12.0489723831238	0	1	-0.00477095096958186	0	0	0	8.98945183009554	29.9250521680928	208.950147743577	1.35182649294268	1.07482374066235	0.12410041345424	12.9286308225418	0	1	-0.00504207530841618	0	0	0
9	finalLog_goTrials_model002_startVal009_started2016-11-19-T014334	SAM_goTrials_model002_startVal009_exit1_started2016-11-19-T014334	9	1434.02409685506	00:22:05.80	1	9.20381088541591	24.5011904148364	130.245838892111	1.3490042804945	1.28689067312872	0.0331591464030258	20.1692370258576	0	1	-0.0100931085809446	0	0	0	8.87213679753889	23.9320418092613	132.862690558733	1.31359955934655	1.15768032313259	0.0143634954762403	20.0999338531258	0	1	-0.00931826263401784	0	0	0
2	finalLog_goTrials_model002_startVal002_started2016-11-19-T014334	SAM_goTrials_model002_startVal002_exit1_started2016-11-19-T014334	2	1447.72100006388	00:14:09.07	1	12.0285662139123	8.72393742725371	176.740557707813	0.979933127409907	0.836096276633587	0.15362798984702	29.2251483774826	0	1	-0.00355057175650505	0	0	0	11.235863284487	6.78827786832433	181.282799728534	0.9951826040524	0.760403125332621	0.139990348421888	31.0984969005644	0	1	-0.00352551462736799	0	0	0
19	finalLog_goTrials_model002_startVal019_started2016-11-19-T014600	SAM_goTrials_model002_startVal019_exit1_started2016-11-19-T014600	19	1464.40749211237	00:27:30.51	1	9.65109250653808	7.8285023178389	183.573398288845	0.779738957854322	0.609897827327024	0.175458554069046	39.3551658215097	0	1	-0.00132386293211112	0	0	0	14.814800261521	12.5206903876772	120.883932167725	0.833989005193952	0.40807159073576	0.173520970866	34.9427963518556	0	1	-0.00278113615728981	0	0	0
1	finalLog_goTrials_model002_startVal001_started2016-11-19-T014333	SAM_goTrials_model002_startVal001_exit1_started2016-11-19-T014333	1	1471.25843026213	00:13:08.16	1	6.33512159368321	16.562863985837	142.030942919336	0.953901068482431	0.853912337026641	0.0990901309110226	18.8924474258622	0	1	-0.00537365591822406	0	0	0	5.5723287384132	14.2964236669247	142.093961508497	0.9379838059963	0.85099279296899	0.0879149575567983	20	0	1	-0.00541909728936326	0	0	0
20	finalLog_goTrials_model002_startVal020_started2016-11-19-T014922	SAM_goTrials_model002_startVal020_exit1_started2016-11-19-T014922	20	1482.13378285809	00:26:52.31	1	3.62594608671622	7.25810228787827	184.930521947726	0.686030319561531	0.530450520414875	0.17072160488552	10.9050342661887	0	1	-0.000651441254643118	0	0	0	3.4323789351266	8.86293667848211	114.021837813064	0.613016947977207	0.496688305040815	0.175281502714072	13.3569691761406	0	1	-0.00130507627033197	0	0	0
18	finalLog_goTrials_model002_startVal018_started2016-11-19-T014558	SAM_goTrials_model002_startVal018_exit1_started2016-11-19-T014558	18	1521.96368187512	00:15:32.95	1	9.08471931814139	26.9792539245205	192.47982452213	0.761143757830847	0.604049725993908	0.175196816017868	32.7941101621834	0	1	-0.00101848498401595	0	0	0	7.16764921476735	24.5700594104522	212.476392215706	0.880502869995038	0.504287884625415	0.174579011419219	35.3011097454779	0	1	-0.00141030035298363	0	0	0
5	finalLog_goTrials_model002_startVal005_started2016-11-19-T014322	SAM_goTrials_model002_startVal005_exit1_started2016-11-19-T014322	5	1522.09504849157	00:15:35.79	1	2.43122863480906	32.0422155291977	113.676880981235	1.06114679289928	0.994793779681635	0.0413306444634723	35.387342082026	0	1	-0.00881901610959559	0	0	0	1.78161914634631	29.573055345926	110.629152902505	1.126435281547	0.90451894845168	0.150286250033401	25.0245449061472	0	1	-0.00963941109008452	0	0	0
17	finalLog_goTrials_model002_startVal017_started2016-11-19-T014558	SAM_goTrials_model002_startVal017_exit1_started2016-11-19-T014558	17	1522.40166805938	00:16:01.25	1	9.46081999211447	5.66444219212577	126.076390446481	0.547765430257942	0.439561994843679	0.108246560848356	28.1176142877091	0	1	-0.00174806711181595	0	0	0	10.915763008323	7.68226709713813	88.2912242571794	0.572269764273034	0.357469388598432	0.116060387623009	26.2585178685116	0	1	-0.00266884038974085	0	0	0
3	finalLog_goTrials_model002_startVal003_started2016-11-19-T014334	SAM_goTrials_model002_startVal003_exit1_started2016-11-19-T014334	3	1540.47299539361	00:15:55.69	1	7.29350132564832	23.2951159503112	101.31700711271	0.653563490036478	0.577702643302324	0.0616153874311051	39.9999857561199	0	1	-0.00505408764556199	0	0	0	6.7366339067264	23.9709828328903	92.5467278311637	0.658649287831163	0.63840054934752	0.100257194673562	38.7986077607802	0	1	-0.00614813471248066	0	0	0
6	finalLog_goTrials_model002_startVal006_started2016-11-19-T014333	SAM_goTrials_model002_startVal006_exit1_started2016-11-19-T014333	6	1592.9151214338	00:14:49.29	1	8.0313253728041	3.73590283005446	83.555469690892	0.62888068045838	0.56459832418341	0.032073647323595	29.6519793287656	0	1	-0.00664571104268172	0	0	0	7.43826244775915	4.51280740477498	80.3477456213513	0.663865854178407	0.545508240847948	0.0244384046776383	27.7405046240035	0	1	-0.00672457518746921	0	0	0
10	finalLog_goTrials_model002_startVal010_started2016-11-19-T014333	SAM_goTrials_model002_startVal010_exit1_started2016-11-19-T014333	10	1772.32363160599	00:18:32.93	1	13.3999080040441	5.4694291566185	69.5710951384207	0.330957962448369	0.268659871595177	0.0235873079621528	34.7156400957862	0	1	-0.00269579468401359	0	0	0	12.5734954364345	12.094467832234	36.8079802968916	0.19211369704439	0.131716744545101	0.0771583729185054	27.25023740606	0	1	-0.00399390072243406	0	0	0
