FileIndex	FileNameLog	FileNameSAM	StartValueIndex	FunctionValue	ElapsedTime	ExitFlag	BestX_ 1	BestX_ 2	BestX_ 3	BestX_ 4	BestX_ 5	BestX_ 6	BestX_ 7	BestX_ 8	BestX_ 9	BestX_10	BestX_11	BestX_12	BestX_13	BestX_14	BestX_15	BestX_16	BestX_17	StartX_ 1	StartX_ 2	StartX_ 3	StartX_ 4	StartX_ 5	StartX_ 6	StartX_ 7	StartX_ 8	StartX_ 9	StartX_10	StartX_11	StartX_12	StartX_13	StartX_14	StartX_15	StartX_16	StartX_17
5	finalLog_goTrials_model079_startVal005_started2016-11-19-T023703	SAM_goTrials_model079_startVal005_exit1_started2016-11-19-T023703	5	787.05837725186	00:31:12.95	1	5.31552234721343	12.958742227949	192.878438952745	1.39665877518907	1.34141840586359	1.2824509864477	1.04886288396993	1.16918138602703	1.23628265700502	0.149438408606894	36.3948268468677	0	1	-0.00553095443854024	0	0	0	4.55408882704253	19.3621097907	190.194775904799	1.69854702799854	1.3460896096389	1.3652346243229	0.910011893722688	0.56505748059014	0.931317877093961	0.155598260824083	30.5335190593211	0	1	-0.00575245539369762	0	0	0
11	finalLog_goTrials_model079_startVal011_started2016-11-19-T024556	SAM_goTrials_model079_startVal011_exit1_started2016-11-19-T024556	11	806.008599995561	00:35:44.36	1	11.311661520206	3.48481962122775	212.13767944991	1.45321032867353	1.40430136883635	1.3311263653739	1.06621669707822	1.2082648460744	1.28467308684009	0.169416595731766	35.6430440610053	0	1	-0.00500924863408272	0	0	0	9.99624325979202	2.56387213493299	257.208467030587	1.6061746186612	1.38057150513723	1.22595174182355	1.36401826473786	1.00318770058492	0.91741923102923	0.163587764862478	38.322746431957	0	1	-0.00449193731911961	0	0	0
1	finalLog_goTrials_model079_startVal001_started2016-11-19-T023454	SAM_goTrials_model079_startVal001_exit1_started2016-11-19-T023454	1	809.730950165793	00:23:54.67	1	5.7407741880898	9.4038179911674	141.902230871087	0.979328929278854	0.94391303577356	0.900306083242168	0.73918918269445	0.819508120245829	0.867977471622046	0.0957349295655843	20.2906966714093	0	1	-0.00526149595348993	0	0	0	5	8.53989395646061	143.027651936511	0.972026450419654	0.940047977300268	0.898638671502096	0.750130713924068	0.827403774378773	0.869634682354991	0.0847471562301614	20	0	1	-0.00529597077353415	0	0	0
17	finalLog_goTrials_model079_startVal017_started2016-11-19-T025257	SAM_goTrials_model079_startVal017_exit1_started2016-11-19-T025257	17	811.116359899592	00:44:36.76	1	0.345187262830166	0.0583201107464176	196.38987801832	1.36795191796355	1.32542488009335	1.26537013399223	1.07638701622807	1.16064779482646	1.21902419657	0.144731887108039	15.7796883198624	0	1	-0.0053161822070528	0	0	0	1.03704504320228	0.641005245119234	182.93703146381	1.35051919404054	1.2933310727567	1.36489359939216	1.46336549342226	0.622574626506308	0.48887040056731	0.147946026093885	19.7414252541041	0	1	-0.00575263888630155	0	0	0
4	finalLog_goTrials_model079_startVal004_started2016-11-19-T023652	SAM_goTrials_model079_startVal004_exit1_started2016-11-19-T023652	4	831.98135090489	00:33:13.44	1	8.6155635029224	11.766177949602	176.92395065705	1.04419533723749	1.00101146025966	0.944585065523276	0.751190074421212	0.841316020897335	0.901136328312735	0.138612320157147	15.5139186439586	0	1	-0.00387144233290868	0	0	0	8.20208578108452	12.0039688771904	167.354829144664	0.741201464638617	1.17425285309168	1.25988744491527	0.779407965209091	0.77479065265064	0.962361358663206	0.145956884823433	11.4044620826233	0	1	-0.00435952418460298	0	0	0
3	finalLog_goTrials_model079_startVal003_started2016-11-19-T023455	SAM_goTrials_model079_startVal003_exit1_started2016-11-19-T023455	3	840.621798579489	00:29:34.41	1	13.6357558767159	15.6516796265517	171.762667174731	0.959036397856118	0.916691915692339	0.853219548156001	0.623847968276903	0.738480884796162	0.8012485334102	0.146001225620188	31.2646998171024	0	1	-0.00322611243016478	0	0	0	14.1565058467158	14.8460143143681	155.677349728956	0.813558282666905	0.834055545935031	1.00617934046791	0.341783651216636	0.530578899429764	1.0794270230301	0.159872995055346	29.2824774132286	0	1	-0.00424295693217892	0	0	0
10	finalLog_goTrials_model079_startVal010_started2016-11-19-T024553	SAM_goTrials_model079_startVal010_exit1_started2016-11-19-T024553	10	845.895507217367	00:28:56.62	1	11.8787086491441	10.4043757554571	202.32164285699	0.922015029770063	0.873041390526678	0.808363852387781	0.552191297693175	0.669454488629785	0.750418626639502	0.169470823418774	5.64938653385541	0	1	-0.00181285008018966	0	0	0	11.5890396643147	16.6572739957103	208.134229778608	1.3041112536503	0.645330150932895	0.763836039999069	0.281724570560759	0.320491748063173	1.09801320614937	0.163818158756276	4.68159448931768	0	1	-0.00127726630890008	0	0	0
14	finalLog_goTrials_model079_startVal014_started2016-11-19-T024947	SAM_goTrials_model079_startVal014_exit1_started2016-11-19-T024947	14	847.050348509956	00:44:12.03	1	1.90937998296042	0.342542299202899	212.219080728947	1.21972986751305	1.16507880790555	1.09397820342373	0.855040558372575	0.981413304806615	1.05547346320264	0.167448915279336	5.90080974768398	0	1	-0.00362195462029642	0	0	0	11.356556757476	9.51340993595783	83.4141535982928	1.1433978950891	0.848779186826296	0.785715173234984	0.557908390883597	0.921447293293665	0.773631497649115	0.160330116319657	10.8642918683742	0	1	-0.00779770795285489	0	0	0
20	finalLog_goTrials_model079_startVal020_started2016-11-19-T030049	SAM_goTrials_model079_startVal020_exit1_started2016-11-19-T030049	20	943.11553915702	00:49:00.03	1	13.6070057255561	1.41242898788469	176.201072271697	0.884483522575301	0.843693570509012	0.768211646433462	0.619707197381999	0.647987520047038	0.728552931611204	0.167885665888768	30.641353233074	0	1	-0.00233778807112617	0	0	0	13.916247844611	1.9058102127114	205.401892124927	0.642793940657763	1.27958130895855	0.900527930781839	1.0251732293828	0.221306869698862	0.378100198212535	0.157361708826417	30.1911616819731	0	1	-0.00257718993015245	0	0	0
18	finalLog_goTrials_model079_startVal018_started2016-11-19-T025236	SAM_goTrials_model079_startVal018_exit1_started2016-11-19-T025236	18	1128.37681670501	00:29:36.33	1	11.0448398599912	16.6221929381106	133.271568634247	0.883982118015517	0.864147819883135	0.811093186410048	0.502641296910036	0.714631307332167	0.791359118452229	0.0941010865005602	27.8407680977146	0	1	-0.00490721472179573	0	0	0	13.1777833541713	17.3129545881465	128.626163461738	0.831879603034498	0.767534561303843	1.04827345843173	0.36633141255801	0.510050464743486	0.849745745680939	0.0644096877258129	28.2739154590884	0	1	-0.00467598963281946	0	0	0
9	finalLog_goTrials_model079_startVal009_started2016-11-19-T024054	SAM_goTrials_model079_startVal009_exit1_started2016-11-19-T024054	9	1157.71404115095	00:33:43.78	1	4.97700849079587	5.28614694020126	212.364615526848	1.14920444981625	1.10880108864422	1.0311977693662	0.480010408461725	0.886201801041929	0.977417439536264	0.164261677666408	3.63645318739055	0	1	-0.003110749428701	0	0	0	5.39257666605463	11.3674811101396	200.30808857298	1.04257041578623	0.9127641858477	1.35144918818277	0.366168002273651	0.576168739038412	1.27486760405359	0.14685503286158	1.32738323476647	0	1	-0.00338207504107001	0	0	0
8	finalLog_goTrials_model079_startVal008_started2016-11-19-T024008	SAM_goTrials_model079_startVal008_exit1_started2016-11-19-T024008	8	1410.96772573833	01:27:11.30	1	14.9862738716206	6.65245083679207	162.072808335633	1.53203005198942	1.49409033289442	1.4464867542404	0.507691467066127	1.36536798442796	1.41777442267131	0.0862990197429223	38.7468671775264	0	1	-0.00841245261942619	0	0	0	14.7659746836146	7.01768641799122	132.162746233197	1.63140930152506	1.43423774123532	1.23026669784272	0.496089973427223	1.13611169729814	1.53283738370743	0.148957954925978	35.2910604260019	0	1	-0.00840752092640217	0	0	0
6	finalLog_goTrials_model079_startVal006_started2016-11-19-T023652	SAM_goTrials_model079_startVal006_exit1_started2016-11-19-T023652	6	1415.66286425811	00:32:18.80	1	12.2466116724967	8.72396261230909	157.376436808334	1.44134983994839	1.40385995136616	1.35664973137153	0.842669785208108	1.27367350998349	1.33061818341065	0.0863769929274311	38.3681930413311	0	1	-0.00804986472447829	0	0	0	13.9928035541823	10.6572816003908	145.258584479792	1.67067601057486	1.69654768666486	1.40222406338242	0.516133061835601	0.946332580473017	0.987543358673511	0.128633018393763	38.3912311769722	0	1	-0.00855216337259102	0	0	0
2	finalLog_goTrials_model079_startVal002_started2016-11-19-T023454	SAM_goTrials_model079_startVal002_exit1_started2016-11-19-T023454	2	1422.50604350363	00:30:34.25	1	3.59781564299213	19.9407165304568	167.294209262717	1.67572591226014	1.64087610441871	1.59761886651964	0.361310033988833	1.518013226313	1.57104961435546	0.0806130875703545	35.3161478772127	0	1	-0.00917971248499335	0	0	0	5.39409476958353	19.5498879221429	162.842179662676	1.80410219805332	1.5385951044643	1.45217417486518	0.257960700805516	1.2381495579542	1.26076550155038	0.162170552421989	28.7828809901168	0	1	-0.00848720870973507	0	0	0
7	finalLog_goTrials_model079_startVal007_started2016-11-19-T023855	SAM_goTrials_model079_startVal007_exit1_started2016-11-19-T023855	7	56170.0820758504	00:32:28.21	1	4.05284446121538	17.2666306008037	177.767104468524	1.31740816889644	1.3161246797169	1.22753498766927	1.04058786084467	0.229492000911123	1.18698832185679	0.117037947963069	21.2285593150202	0	1	-0.00594586781199538	0	0	0	4.96623029871469	14.7106989343286	170.644383996473	1.28006019005839	1.28079212026307	1.11278954810183	1.31339434967846	0.225978869885446	0.872837463725559	0.107546255772168	18.7494404492591	0	1	-0.00649435749324152	0	0	0
13	finalLog_goTrials_model079_startVal013_started2016-11-19-T025009	SAM_goTrials_model079_startVal013_exit1_started2016-11-19-T025009	13	56214.6264361918	00:43:15.06	1	3.44858379561212	19.642140871001	205.976342608424	1.66182904592481	1.66397591736021	1.58235103607442	1.47474855192423	0.970642152538254	1.55291585974497	0.10762455987793	0.158396645660404	0	1	-0.00700630020695257	0	0	0	5.59428048810619	21.8012181713956	170.359538553868	1.89198896127582	1.7881306578996	1.47301933407678	1.17691335128782	0.562465710270491	1.70772983398483	0.144408297283556	0.301726752886804	0	1	-0.00771949301733059	0	0	0
12	finalLog_goTrials_model079_startVal012_started2016-11-19-T025007	SAM_goTrials_model079_startVal012_exit1_started2016-11-19-T025007	12	56772.6484974583	00:29:37.99	1	5.65913492743	5.71813164278783	174.647650581331	1.70449619764523	1.69278965113186	1.620705197832	1.05241952695657	0.548531664331281	1.59324440798873	0.0821017569366295	30.990103707968	0	1	-0.00884789913099778	0	0	0	5.88340529301252	7.67134952741061	174.58156294248	1.82391122047239	1.65084258646735	1.77741967715646	0.782960006701874	0.290115132297557	1.10890053875927	0.137862724230661	27.0832014229941	0	1	-0.00857872552026091	0	0	0
19	finalLog_goTrials_model079_startVal019_started2016-11-19-T025335	SAM_goTrials_model079_startVal019_exit1_started2016-11-19-T025335	19	546229.768748866	00:43:02.12	1	1.01148227489107	10.6548141298866	138.444908898189	1.45214878436687	1.42503491077507	1.42857637411961	1.02075338416671	1.34545409186661	0.399758727498271	0.0168845980773243	7.83572539930284	0	1	-0.00997815679787254	0	0	0	0.93601676600396	11.8392551636759	138.632207604206	1.43000456770574	1.35985545504939	1.58708834203002	0.912739380160197	1.09757594422219	0.317189156438286	0.0195817630250219	6.54828419695415	0	1	-0.00958959404136701	0	0	0
16	finalLog_goTrials_model079_startVal016_started2016-11-19-T025201	SAM_goTrials_model079_startVal016_exit1_started2016-11-19-T025201	16	546237.896561139	00:46:28.88	1	8.86832573468025	14.33435966659	182.163792246128	1.68202916879069	1.63959223029311	1.64902406926442	0.521300466461099	1.53295047925652	0.242469924695087	0.0728491784157118	0.734540247482358	0	1	-0.00838515671597501	0	0	0	8.45952204338674	14.6814870241658	151.358101758778	1.62274941909074	1.58136015479924	1.60087945683833	0.642188979499278	0.840674735882138	0.494211536643885	0.106447073747361	0.728787052310884	0	1	-0.00904183092121335	0	0	0
15	finalLog_goTrials_model079_startVal015_started2016-11-19-T025049	SAM_goTrials_model079_startVal015_exit1_started2016-11-19-T025049	15	546268.595600913	00:30:15.24	1	6.75994140118526	10.844787089705	224.979131644801	1.66515700140806	1.60089968325416	1.62275722581538	0.100322378729616	1.43786387796662	0.137799301220409	0.145152658468432	20.4405551375649	0	1	-0.00582961425673572	0	0	0	6.00211157066144	10.8411280850718	226.139978015561	1.71403845994777	1.66790723107781	1.54765591919952	0.115912577090575	1.03993278479969	0.179243135362446	0.0975338634094228	26.1858236559157	0	1	-0.00579530688701595	0	0	0
