FileIndex	FileNameLog	FileNameSAM	StartValueIndex	FunctionValue	ElapsedTime	ExitFlag	BestX_ 1	BestX_ 2	BestX_ 3	BestX_ 4	BestX_ 5	BestX_ 6	BestX_ 7	BestX_ 8	BestX_ 9	BestX_10	BestX_11	BestX_12	BestX_13	StartX_ 1	StartX_ 2	StartX_ 3	StartX_ 4	StartX_ 5	StartX_ 6	StartX_ 7	StartX_ 8	StartX_ 9	StartX_10	StartX_11	StartX_12	StartX_13
1	finalLog_goTrials_model002_startVal001_started2017-03-07-T055525	SAM_goTrials_model002_startVal001_exit1_started2017-03-07-T055525	1	1651.37906263239	02:32:20.15	1	5.14969108133421	4.75253988549259	100.670308862708	0.453665160086009	0.375588840841233	0.0273133870534397	45.0246890357723	0	1	-5.16386198393462e-08	-0.0131446982847132	0	0	5.42239239895974	5	100.224592621009	0.452428697567077	0.373219531893022	0.026959775277907	45.0921926290656	0	1	-1.66653063614578e-05	-0.0130700001145031	0	0
15	finalLog_goTrials_model002_startVal015_started2017-03-07-T065004	SAM_goTrials_model002_startVal015_exit1_started2017-03-07-T065004	15	1910.17090578339	02:35:30.17	1	8.31518503488026	9.00565232688584	91.2638045349753	0.409404324306652	0.3204562071414	0.053553978832651	54.3748539149533	0	1	-0.000158076627957549	-0.0141824700054409	0	0	8.30743616002176	7.79135824881832	103.887895790142	0.359736228510504	0.358138527504358	0.0518516361885484	77.8837139786206	0	1	-0.000427035165831402	-0.0548801267832171	0	0
2	finalLog_goTrials_model002_startVal002_started2017-03-07-T060032	SAM_goTrials_model002_startVal002_exit1_started2017-03-07-T060032	2	2013.15552250344	02:45:39.87	1	3.51732276199612	2.117466725431	95.7457802815008	0.608913773046026	0.52852857235285	0.0248555878498448	42.3157965567747	0	1	-0.00311826510289238	-0.0160011086834569	0	0	4.39664665163309	0.815384449711864	94.5479645508741	0.588910434656709	0.554728366773359	0.0245151371275299	39.2642354951564	0	1	-0.00310912378861121	-0.016413806543488	0	0
12	finalLog_goTrials_model002_startVal012_started2017-03-07-T064952	SAM_goTrials_model002_startVal012_exit1_started2017-03-07-T064952	12	2041.03266945457	04:04:10.96	1	0.759485363817873	0.881939470277917	71.6029940956863	0.346475589148831	0.28567468553903	0.00427899177681523	20.3485725217384	0	1	-0.00172772385591719	-0.02455402561021	0	0	6.6077339932835	10.8777353253508	53.86317066839	0.346556603923812	0.194066032582307	0.028157937899229	8.76366872616702	0	1	-0.0043655846069123	-0.1407472585496	0	0
10	finalLog_goTrials_model002_startVal010_started2017-03-07-T063519	SAM_goTrials_model002_startVal010_exit1_started2017-03-07-T063519	10	2110.11297017256	03:24:41.93	1	11.8021113418775	10.6554642128217	89.7985752448231	0.613437410625649	0.534966547536816	0.00239683069915023	36.966229101164	0	1	-0.00440543426727007	-0.0206156708032382	0	0	8.70734473348145	10.6862220868428	93.7134055129003	0.633603836186262	0.507723346015522	0.00440467266328935	45.3175044568312	0	1	-0.00446441340401028	-0.05358172497341	0	0
8	finalLog_goTrials_model002_startVal008_started2017-03-07-T060958	SAM_goTrials_model002_startVal008_exit1_started2017-03-07-T060958	8	2131.29797402927	03:45:26.22	1	6.65444447376545	6.69892140595877	75.6372018444947	0.382886550773456	0.290326522168042	0.0310657517167494	60.7827519389864	0	1	-0.00100924312756536	-0.0149317834318504	0	0	6.61150691290043	10.7036101739147	65.2769336347285	0.317694012990359	0.279983045868653	0.0307446140396116	87.475714744433	0	1	-0.00287406632793995	-0.0475334684262099	0	0
5	finalLog_goTrials_model002_startVal005_started2017-03-07-T060716	SAM_goTrials_model002_startVal005_exit1_started2017-03-07-T060716	5	2333.14369165893	03:22:31.85	1	1.043677070197	3.95722840612573	83.1266810275613	0.551479015366868	0.465272967248746	0.00759488881215967	77.2219869051005	0	1	-0.00348579769324265	-0.0167976563996903	0	0	0.0182382525008152	6.52763318545428	84.0919819640454	0.516841968608333	0.531339552331591	0.00618936962615594	78.9798968468322	0	1	-0.00367115328284864	-0.0501606681353545	0	0
3	finalLog_goTrials_model002_startVal003_started2017-03-07-T060624	SAM_goTrials_model002_startVal003_exit1_started2017-03-07-T060624	3	2709.25464884144	02:19:58.41	1	3.82713278874106	3.63556625471798	81.5269406634045	0.310575744133805	0.227841740318062	0.0538821363627073	25.3263289272126	0	1	-0.000173736226885358	-0.425818936217947	0	0	3.36862554377857	3.95751062290193	80.4241934237987	0.295683632901618	0.217832369716469	0.0537513758167059	30.1147513515513	0	1	-0.000444466001599119	-0.435571013189769	0	0
20	finalLog_goTrials_model002_startVal020_started2017-03-07-T074609	SAM_goTrials_model002_startVal020_exit1_started2017-03-07-T074609	20	2765.51822562466	01:54:45.92	1	8.71325094098494	7.4808647543688	83.8526735475921	0.370406450306569	0.295376609163832	0.0485321678544031	48.8362085562936	0	1	-0.00111815071471004	-0.0896970628402168	0	0	6.97305432024475	10.4062886120087	76.138401417345	0.411189424916215	0.310681476425577	0.0483043710799132	41.6221993654112	0	1	-0.00148373675162158	-0.135063519214011	0	0
13	finalLog_goTrials_model002_startVal013_started2017-03-07-T064953	SAM_goTrials_model002_startVal013_exit1_started2017-03-07-T064953	13	2789.01024020085	02:43:16.96	1	9.40929878924347	9.36115235347295	62.056143868092	0.280428101327396	0.201468996581167	0.0239117855956149	65.7615127636831	0	1	-0.00100371943522044	-0.034995668760303	0	0	13.712688230416	5.89026863961167	56.7669354150704	0.252428013592925	0.30266235870726	0.0239138192889925	58.6883217806014	0	1	-0.00120362584268103	-0.0519655573750307	0	0
7	finalLog_goTrials_model002_startVal007_started2017-03-07-T060733	SAM_goTrials_model002_startVal007_exit1_started2017-03-07-T060733	7	2856.48069677851	02:20:27.38	1	5.56529735481278	5.51374828691226	64.088897453942	0.280992267169598	0.202371539904423	0.0313758780839195	66.1087040005775	0	1	-0.000933805104788443	-0.102321328249476	0	0	10.7130124017947	3.43031376030331	62.2753556114828	0.276029567303732	0.156775191260231	0.0355907806354978	59.2027072940344	0	1	-0.00112862081598903	-0.167281744159421	0	0
18	finalLog_goTrials_model002_startVal018_started2017-03-07-T072038	SAM_goTrials_model002_startVal018_exit1_started2017-03-07-T072038	18	2884.23463752767	02:00:03.71	1	3.37885591441827	3.45520952959426	65.2024913446241	0.241522108280948	0.184926204239479	0.00166708106524647	5.95896961925248	0	1	-0.000209549664059864	-0.469939272971347	0	0	5.90000268059892	2.55701441141608	24.0987726993818	0.0787302343019448	0.0743661218620636	0.0108826277099432	7.22699974361686	0	1	-0.000931893722478978	-0.326865740127109	0	0
14	finalLog_goTrials_model002_startVal014_started2017-03-07-T064957	SAM_goTrials_model002_startVal014_exit1_started2017-03-07-T064957	14	2905.77871140831	04:20:26.39	1	9.76245155785099	8.35086078139994	74.5720980336094	0.28952659972451	0.215523313617326	0.0432775837542393	60.4185653051831	0	1	-2.36546819914769e-05	-0.322740679699349	0	0	12.33995392184	5.40046563128657	25.9621506170585	0.0926644459989024	0.0577669542536149	0.0236611886361651	61.4386477150913	0	1	-0.00179335923597481	-0.43814073148294	0	0
11	finalLog_goTrials_model002_startVal011_started2017-03-07-T064938	SAM_goTrials_model002_startVal011_exit1_started2017-03-07-T064938	11	2945.71706595788	02:03:20.09	1	8.5375222704194	7.66263293968816	110.412599365401	0.622006153630865	0.566330341448285	0.053468384454583	0.255552647473927	0	1	-0.00359962885262018	-0.318221313171256	0	0	5.90075218782912	7.4685441444628	127.462269125965	0.63697692499603	0.602386606389684	0.0355035144070712	9.20726612154359	0	1	-0.00248944730729995	-0.283239188539906	0	0
9	finalLog_goTrials_model002_startVal009_started2017-03-07-T061003	SAM_goTrials_model002_startVal009_exit1_started2017-03-07-T061003	9	3071.43859767114	02:34:06.67	1	6.70168492530805	6.70185849160893	59.2277437761062	0.216614798617049	0.157211549147434	5.94230187668069e-05	19.1527869751223	0	1	-4.25182664391677e-06	-0.504257048735848	0	0	3.2644670962358	5.66182653106297	35.9543890072711	0.145700956284691	0.141191885295926	0.0138948687946867	34.1910405980794	0	1	-0.0015092631889427	-0.402100648111678	0	0
17	finalLog_goTrials_model002_startVal017_started2017-03-07-T065250	SAM_goTrials_model002_startVal017_exit1_started2017-03-07-T065250	17	3140.35919018405	02:56:58.19	1	10.211323004014	10.1152458529188	72.6839457942779	0.267456278296371	0.23428656006238	0.00865242457637852	42.5480850016192	0	1	-0.000161223568828613	-0.219413067500018	0	0	3.82544160607494	11.360275216612	90.4951096445057	0.340322996535173	0.281934298512105	0.01191552105447	29.753536983658	0	1	-3.92353972461443e-05	-0.25037157055761	0	0
6	finalLog_goTrials_model002_startVal006_started2017-03-07-T060733	SAM_goTrials_model002_startVal006_exit1_started2017-03-07-T060733	6	3203.42436998945	03:00:56.35	1	6.50493704494203	7.2654990252911	52.6176958712266	0.215407488246312	0.141596054330411	0.0105683876795799	83.9976401614287	0	1	-3.4096729944191e-06	-0.259782443624407	0	0	7.36528884052775	8.56486613193609	40.8345928254395	0.161697138045157	0.175503973135484	0.0071101196904373	68.7570016530724	0	1	-0.000861566461623843	-0.103220188042613	0	0
19	finalLog_goTrials_model002_startVal019_started2017-03-07-T072045	SAM_goTrials_model002_startVal019_exit1_started2017-03-07-T072045	19	3317.45888837276	01:23:54.20	1	4.765255298369	3.38779774877416	89.3967408536387	0.547433589659017	0.513034360602783	0.0339052191583469	29.4806418905094	0	1	-0.00417365960751236	-0.47553591559532	0	0	3.31071508366227	5.73969344339938	94.0895450421837	0.516311361903541	0.466647873483823	0.0290804822699159	31.0891137599835	0	1	-0.00420810608950559	-0.485173827506856	0	0
4	finalLog_goTrials_model002_startVal004_started2017-03-07-T060625	SAM_goTrials_model002_startVal004_exit1_started2017-03-07-T060625	4	3589.15456336232	03:32:12.81	1	3.47227953709124	3.27949594655369	57.7755308816105	0.311172448422934	0.256757978736527	0.00897885379197114	65.749481167398	0	1	-0.00286982446908499	-0.487682056576112	0	0	7.30010332671097	2.01507512593062	56.6725002767615	0.320210180437141	0.239243307317264	0.00749421846486158	62.5440089066526	0	1	-0.00316324722114571	-0.496969668629643	0	0
16	finalLog_goTrials_model002_startVal016_started2017-03-07-T065010	SAM_goTrials_model002_startVal016_exit1_started2017-03-07-T065010	16	4763.68900485381	02:19:12.42	1	14.3322500873203	12.1905608985866	144.360374105045	0.825516392045465	0.746005177582191	0.0538095647228379	6.28643644943471	0	1	-0.00361726446818	-0.381888156949695	0	0	15.5069842794522	10.0269641154206	158.132622269748	0.78282167975485	0.745264757895253	0.0523301524768493	24.6522954200154	0	1	-0.00263491149758879	-0.471590337062192	0	0
