FileIndex	FileNameLog	FileNameSAM	StartValueIndex	FunctionValue	ElapsedTime	ExitFlag	BestX_ 1	BestX_ 2	BestX_ 3	BestX_ 4	BestX_ 5	BestX_ 6	BestX_ 7	BestX_ 8	BestX_ 9	BestX_10	BestX_11	BestX_12	BestX_13	BestX_14	BestX_15	BestX_16	BestX_17	StartX_ 1	StartX_ 2	StartX_ 3	StartX_ 4	StartX_ 5	StartX_ 6	StartX_ 7	StartX_ 8	StartX_ 9	StartX_10	StartX_11	StartX_12	StartX_13	StartX_14	StartX_15	StartX_16	StartX_17
16	finalLog_goTrials_model079_startVal016_started2016-03-18-T143859	SAM_goTrials_model079_startVal016_exit1_started2016-03-18-T143859	16	226.763084665419	02:50:14.82	1	29.7989415959793	17.3711095838394	72.5577003301496	0.1901158986169	0.166363888292017	0.146286827119459	0.0677671375919713	0.0859241637186763	0.107504655147331	0.0232806978362664	24.3674811203564	0	1	-0.000188522100842592	0	0	0	29.9601360985459	18.7334794431414	69.0983356865845	0.154911145092679	0.1739965830814	0.110466729495846	0.0763789579994636	0.043445465583475	0.0956590408727164	0.0838910490206402	19.8174356772859	0	1	-0.00101171410638371	0	0	0
17	finalLog_goTrials_model079_startVal017_started2016-03-18-T143843	SAM_goTrials_model079_startVal017_exit1_started2016-03-18-T143843	17	241.647035605726	03:30:23.67	1	19.1994532842283	0.499427651160554	64.2202084936272	0.273122995282291	0.249131876642209	0.232270974907999	0.135443999496607	0.178037317010142	0.197807824229144	0.00178250105732309	6.59980695759083	0	1	-0.00274243973602926	0	0	0	7.43637670187967	0.564665782390718	59.7121312961036	0.321324227524573	0.230388675834999	0.256158451296822	0.0684296886397308	0.199037846464315	0.195410345881629	0.0617400439654104	2.88790854198063	0	1	-0.00295660924085283	0	0	0
20	finalLog_goTrials_model079_startVal020_started2016-03-18-T143908	SAM_goTrials_model079_startVal020_exit1_started2016-03-18-T143908	20	245.504116641413	04:11:53.09	1	30.4465537226077	11.6269152049006	69.3262733928743	0.287751327066117	0.263768743372816	0.242607285177016	0.163799022207351	0.180375783358232	0.201699575916431	0.0297421771554155	49.7240981166653	0	1	-0.002474321393679	0	0	0	11.2334191067049	17.9519794945283	98.8036624809593	0.279021684715879	0.214186001545369	0.27480167153389	0.170552601675647	0.153853410624043	0.205442551820671	0.0760796103459423	38.7552107342075	0	1	-0.000374266559824607	0	0	0
6	finalLog_goTrials_model079_startVal006_started2016-03-18-T143909	SAM_goTrials_model079_startVal006_exit1_started2016-03-18-T143909	6	248.026075532414	03:02:28.84	1	14.2361168368871	0.214060543021326	60.5364003244941	0.193246140947911	0.172004275319782	0.152722802031785	0.0800071900711938	0.0934009856207474	0.114914979827306	0.0225554356701899	27.4791232512951	0	1	-0.000760655447028249	0	0	0	5.25496314176431	0.306846283920186	60.7207185772678	0.203446441295988	0.158376086772853	0.143857474047778	0.0175772978144552	0.140884764498009	0.14067468529071	0.0763381567580764	24.4062520933893	0	1	-0.00138775185627327	0	0	0
1	finalLog_goTrials_model079_startVal001_started2016-03-18-T143832	SAM_goTrials_model079_startVal001_exit1_started2016-03-18-T143832	1	262.884203692242	02:03:58.07	1	23.8197064182085	8.40466362638953	70.6609810414173	0.235475583279162	0.211001190866862	0.189330986881633	0.0945032751376293	0.124269219742755	0.14595936525368	0.034556334248286	28.3114776387303	0	1	-0.00110907974759976	0	0	0	16	11	69	0.23	0.2	0.18	0.11	0.11	0.14	0.05	25	0	1	-0.001	0	0	0
4	finalLog_goTrials_model079_startVal004_started2016-03-18-T143834	SAM_goTrials_model079_startVal004_exit1_started2016-03-18-T143834	4	271.819282272036	03:08:08.18	1	36.7754308228613	19.8850169750242	83.1541729300647	0.242049896107871	0.214296751743851	0.188201350686728	0.0877444118551546	0.114325330937001	0.143556894838823	0.0434578741181411	35.6739081132733	0	1	-0.000551061065729819	0	0	0	34.202796347176	25.3850333666053	79.8830574167431	0.318089060799555	0.284247902998335	0.242157485487401	0.00847246483829556	0.144691195656178	0.109277059940278	0.0681861009584617	40.1240435890938	0	1	-0.00158794463277531	0	0	0
12	finalLog_goTrials_model079_startVal012_started2016-03-18-T143907	SAM_goTrials_model079_startVal012_exit1_started2016-03-18-T143907	12	273.780894986716	02:54:16.10	1	32.9764602238394	12.2608262820497	81.7137414070483	0.320432033637338	0.29550190199332	0.274224627641691	0.17847139410235	0.205739603563539	0.230674733309393	0.0377730975158672	8.30105559537875	0	1	-0.00230658861516897	0	0	0	33.0825621501958	11.3460948112464	82.883233891612	0.354595949620962	0.323774032678519	0.265500529973457	0.159644200297161	0.166906551289967	0.188448032014112	0.0255542414738172	17.9876293631501	0	1	-0.00219957727019016	0	0	0
10	finalLog_goTrials_model079_startVal010_started2016-03-18-T143835	SAM_goTrials_model079_startVal010_exit1_started2016-03-18-T143835	10	280.03239473796	02:43:09.13	1	35.6728375437814	25.053597996799	83.6535747858743	0.250217887452805	0.224949150857499	0.201842447243042	0.117282226620643	0.139418926110462	0.163414171903425	0.0326846097042294	1.04050079558411	0	1	-0.00100720048416738	0	0	0	27.6775675379187	26.8333922258822	82.8346473994237	0.265562468247465	0.294440170693809	0.188389719743713	0.0411133666656039	0.121878970761672	0.10958389568203	0.0932392103597944	2.74439350425363	0	1	-0.00189010418210802	0	0	0
18	finalLog_goTrials_model079_startVal018_started2016-03-18-T143859	SAM_goTrials_model079_startVal018_exit1_started2016-03-18-T143859	18	281.528615486649	04:41:40.38	1	31.2411205948267	9.54634924738417	79.9805795714853	0.31925416791745	0.294644121237973	0.272606971501196	0.189705049917368	0.202642412123561	0.229729024066917	0.0384562432726891	12.7737564019154	0	1	-0.0023773908667192	0	0	0	1.25227744937426	10.5681109453252	74.462764995112	0.422942109972158	0.318393906802681	0.293743447757495	0.0679903381921746	0.100367349203161	0.245043230596669	0.0877213340106178	4.02262641395181	0	1	-0.00324719314776636	0	0	0
15	finalLog_goTrials_model079_startVal015_started2016-03-18-T143826	SAM_goTrials_model079_startVal015_exit1_started2016-03-18-T143826	15	284.525434566957	02:52:19.92	1	18.750725479918	1.04248105070708	68.2790717099619	0.253326043815073	0.227061947126922	0.205567503222805	0.101178401086811	0.139378464959515	0.163685482101201	0.035420818502648	21.093530172007	0	1	-0.0016224258327452	0	0	0	18.8542295924704	4.43570248790539	60.0678148427672	0.244498434336027	0.184284414826919	0.197046755938742	0.145705826162343	0.109596170994229	0.0664995924640062	0.0654893760844143	14.5946275488273	0	1	-0.00225422284137518	0	0	0
9	finalLog_goTrials_model079_startVal009_started2016-03-18-T143835	SAM_goTrials_model079_startVal009_exit1_started2016-03-18-T143835	9	308.581159172027	03:38:03.05	1	28.980091729787	11.3502239630209	86.4264004996718	0.242537131079111	0.211415509956137	0.187078030550611	0.0716137668976445	0.108081745133046	0.136685269182516	0.0493473721939418	0.171681738582524	0	1	-0.000291514924287778	0	0	0	14.6292056036025	25.2201964099237	87.9719599041073	0.223848855138788	0.208658534376843	0.172315641480487	0.113477531177797	0.0821481274336721	0.0504521278829368	0.0953423532162636	0.843727351530354	0	1	-0.000463361267195176	0	0	0
14	finalLog_goTrials_model079_startVal014_started2016-03-18-T143908	SAM_goTrials_model079_startVal014_exit1_started2016-03-18-T143908	14	318.336832959901	03:42:02.02	1	20.072848103833	1.17816993749926	71.7039417289589	0.223741953665465	0.193359379516641	0.167090104235599	0.0581299111251816	0.0856739376415353	0.11981743683497	0.0489013503861803	49.8152335624067	0	1	-0.000272129016048808	0	0	0	6.25263109012006	20.0044431781269	62.964820235847	0.280586180046959	0.177147024408207	0.142419305327843	0.0446802672259361	0.0681807720984377	0.0680710288438202	0.0879421641426555	46.4143736524865	0	1	-0.0013739758042558	0	0	0
5	finalLog_goTrials_model079_startVal005_started2016-03-18-T143903	SAM_goTrials_model079_startVal005_exit1_started2016-03-18-T143903	5	342.363743778412	02:40:18.27	1	20.7540021015088	1.07870815930075	80.7907457829156	0.314628444123725	0.289655223673269	0.266149000698338	0.181061595499104	0.193667432765081	0.225169327788863	0.0496597344926911	6.0486043931878	0	1	-0.00209007422139067	0	0	0	20.2168700406998	2.7448857430514	77.1248710200435	0.36937833447161	0.326645776313219	0.241311607027233	0.166874733581427	0.154041282502996	0.166993057246032	0.062282138266756	5.72728282421524	0	1	-0.00244229576840374	0	0	0
3	finalLog_goTrials_model079_startVal003_started2016-03-18-T143831	SAM_goTrials_model079_startVal003_exit1_started2016-03-18-T143831	3	351.179130627427	03:14:40.96	1	26.0144029064672	6.64090545785118	89.1061086540264	0.24970770825921	0.216981848835106	0.193351425840796	0.07863392616646	0.106663727711902	0.138593193881799	0.0610605949233002	11.8916689353822	0	1	-7.53172567951382e-05	0	0	0	3.94186582066723	12.1938741731353	81.1529150033835	0.21143936458166	0.234566551335121	0.2348049891311	0.0682247948087301	0.0712216457493281	0.168240234211905	0.0854340183649785	5.63311578315671	0	1	-0.000652055836856008	0	0	0
2	finalLog_goTrials_model079_startVal002_started2016-03-18-T143906	SAM_goTrials_model079_startVal002_exit1_started2016-03-18-T143906	2	359.638290400746	02:14:26.65	1	34.127878473292	12.3470848924935	91.3330652777215	0.33889893829187	0.308530001069369	0.282076702206774	0.171326328467243	0.196429653592621	0.22772293544309	0.0630190810266494	36.3151139672276	0	1	-0.0016717064600723	0	0	0	30.0284769564517	14.2809065908676	93.3197524589509	0.319486909965392	0.35116065432829	0.309941672077381	0.130481603178565	0.188520639441076	0.208492959674648	0.0630757626740935	36.5369632176841	0	1	-0.00190372529402016	0	0	0
19	finalLog_goTrials_model079_startVal019_started2016-03-18-T143855	SAM_goTrials_model079_startVal019_exit1_started2016-03-18-T143855	19	384.537930179979	03:05:16.51	1	28.3834941977329	7.31193931448406	95.298511937622	0.263782434639297	0.23188866792933	0.204829308045725	0.0929310353569422	0.111122538490946	0.145626370228036	0.0717795441315165	22.1294859993391	0	1	-1.10349495911731e-05	0	0	0	15.9471078772794	18.3522386585715	96.4437761287663	0.361394672216917	0.269293089236657	0.155057891641731	0.0636372048194582	0.0931769578237179	0.157683077387853	0.0862758676670053	21.0460788977014	0	1	-0.00030125513220708	0	0	0
8	finalLog_goTrials_model079_startVal008_started2016-03-18-T143909	SAM_goTrials_model079_startVal008_exit1_started2016-03-18-T143909	8	402.154588302196	03:46:21.68	1	36.9582218264881	15.6808378723713	94.0113861614036	0.316649796602574	0.274138779709964	0.252581374423075	0.0837919714389986	0.150782307608676	0.188140384374611	0.0692726931753824	47.6190306831416	0	1	-0.000955088970472154	0	0	0	36.2513132871115	14.7542197695857	86.9140100495258	0.384637062533539	0.325360905959634	0.231255030269347	0.0364908309581252	0.215287547472406	0.202386723022148	0.0698643664268975	47.0011345937859	0	1	-0.00156248221044218	0	0	0
7	finalLog_goTrials_model079_startVal007_started2016-03-18-T143843	SAM_goTrials_model079_startVal007_exit1_started2016-03-18-T143843	7	421.923112951365	02:57:45.42	1	24.4473046232322	1.3577965884768	89.6915093509701	0.281146450753822	0.245848513292423	0.214842496562035	0.0791454919931111	0.120323473669553	0.158416284041788	0.0767073796436689	45.7549625728832	0	1	-0.000311258195334068	0	0	0	16.211646721969	20.8281804275273	89.2654395476413	0.323317499427965	0.222951496622965	0.176629508935303	0.0688054922266436	0.0389004751298749	0.146904180765017	0.0911853292381341	42.3679035305458	0	1	-0.000767591507241128	0	0	0
13	finalLog_goTrials_model079_startVal013_started2016-03-18-T143839	SAM_goTrials_model079_startVal013_exit1_started2016-03-18-T143839	13	443.724984040481	02:24:00.89	1	31.0119846645228	1.74806061385411	113.213542528837	0.348205029470352	0.311023742758102	0.274442796595925	0.129926630742805	0.166478509684373	0.208401326955285	0.0925726553266956	0.143656053603342	0	1	-0.00056919964722305	0	0	0	31.1377232363236	1.45345182217679	114.108886643593	0.429544261017762	0.268047116716845	0.234793897157905	0.125269072634008	0.131555272219775	0.230183791655274	0.0892217333373334	0.285600800514929	0	1	-0.000592771405243516	0	0	0
11	finalLog_goTrials_model079_startVal011_started2016-03-18-T143836	SAM_goTrials_model079_startVal011_exit1_started2016-03-18-T143836	11	445.328190531105	03:07:34.74	1	22.2565452610927	0.806432190850425	90.3545869769069	0.256058855611389	0.221381942598003	0.193675719824017	0.0375924497341469	0.107759601473989	0.138788337912039	0.065332544460008	4.7855164616433	0	1	-2.32416816059924e-05	0	0	0	5.09507372088263	5.62925479720893	91.824529341146	0.260774485082666	0.297565241576713	0.24179715992979	0.0194378603653752	0.0617867548579285	0.120682468176626	0.0730034847511129	5.75131640943713	0	1	-0.000182663778940381	0	0	0
