FileIndex	FileNameLog	FileNameSAM	StartValueIndex	FunctionValue	ElapsedTime	ExitFlag	BestX_ 1	BestX_ 2	BestX_ 3	BestX_ 4	BestX_ 5	BestX_ 6	BestX_ 7	BestX_ 8	BestX_ 9	BestX_10	BestX_11	BestX_12	BestX_13	BestX_14	BestX_15	BestX_16	StartX_ 1	StartX_ 2	StartX_ 3	StartX_ 4	StartX_ 5	StartX_ 6	StartX_ 7	StartX_ 8	StartX_ 9	StartX_10	StartX_11	StartX_12	StartX_13	StartX_14	StartX_15	StartX_16
19	finalLog_goTrials_model043_startVal019_started2017-03-06-T230719	SAM_goTrials_model043_startVal019_exit1_started2017-03-06-T230719	19	833.14558371228	00:57:02.36	1	14.4923059052692	267.017556568362	1.39072076535598	1.32937249197989	1.25129632596218	0.949706514740639	1.09352330301106	1.18810759207165	0.211533507408542	0.703931720102111	0	1	-0.00296311137535591	0	0	0	19.64685599535	220.948579372329	1.05066821126051	1.11846220047272	1.73113056940905	0.702458754786008	1.29788625489682	0.687251984787989	0.32331783105669	0.0873256534208339	0	1	-0.0037710766580904	0	0	0
4	finalLog_goTrials_model043_startVal004_started2017-03-06-T223234	SAM_goTrials_model043_startVal004_exit1_started2017-03-06-T223234	4	842.395479740745	01:17:07.43	1	12.1549994275101	286.95055623101	1.6910154855654	1.61035588141601	1.52008440035307	1.14570736461026	1.30099603800268	1.43178125033942	0.259383557453025	40.9729178672053	0	1	-0.00355387526698616	0	0	0	20.1053958832758	213.464062334998	1.4836476269778	2.04275925278831	1.67895348320614	1.20545680063234	0.958829886499445	1.43453575306078	0.371192686735243	13.2602746627961	0	1	-0.00572396422629829	0	0	0
1	finalLog_goTrials_model043_startVal001_started2017-03-06-T211745	SAM_goTrials_model043_startVal001_exit1_started2017-03-06-T211745	1	851.992578558543	00:53:25.64	1	23.7575326823568	222.231360926314	1.19947868227959	1.14360315442783	1.06481649367011	0.773283144553491	0.926949250552264	1.00307985220258	0.195444068642808	39.5536151814981	0	1	-0.00291640098933977	0	0	0	23.2599358355256	222.024505230295	1.19968256296294	1.1433284052046	1.06394295591281	0.767050215559502	0.928524147164061	1.00387124307729	0.195436166961418	40.1079985971568	0	1	-0.0029216110877192	0	0	0
8	finalLog_goTrials_model043_startVal008_started2017-03-06-T230721	SAM_goTrials_model043_startVal008_exit1_started2017-03-06-T230721	8	854.43633914593	01:10:46.62	1	3.09301300470518	298.607431020636	1.18410028827779	1.11847218098721	1.0127983765755	0.629121260480203	0.797744171029669	0.931080436979685	0.278553240292658	16.325373170282	0	1	-0.000565645932390184	0	0	0	10.7649058302193	169.913679592575	1.1262463991354	1.30476569936564	1.33028064036883	0.827387838502969	0.640177182722936	0.837387469078438	0.275037703469018	12.9287843437553	0	1	-0.00365858805156242	0	0	0
18	finalLog_goTrials_model043_startVal018_started2017-03-06-T232443	SAM_goTrials_model043_startVal018_exit1_started2017-03-06-T232443	18	864.313422443425	01:35:48.49	1	49.8357686145571	372.220952800257	1.42713600996127	1.33399862052987	1.19561575253768	0.733337554189373	0.924951800953227	1.09073226408235	0.357671757384694	41.8550331868699	0	1	-0.000332218465483772	0	0	0	18.7554163983715	286.684539384927	2.21124321890632	1.6005798757186	1.49723765213857	0.460392839390303	0.0042560115931609	1.44866698236982	0.359780621184366	53.5446313594034	0	1	-0.00450045316016599	0	0	0
7	finalLog_goTrials_model043_startVal007_started2017-03-06-T230637	SAM_goTrials_model043_startVal007_exit1_started2017-03-06-T230637	7	866.852813353636	01:04:08.69	1	5.06603178213038	282.307249979546	1.64190236252543	1.55091296282893	1.4544814015432	1.01771686572398	1.24937177853566	1.3649574176419	0.269775390064284	46.2520315339329	0	1	-0.00327748723926389	0	0	0	3.54488139674763	275.334833219057	1.30650694916955	1.21477012542879	1.33304498609281	0.920179730444	1.78728598982607	1.44006484243401	0.307789920037393	34.0957886729599	0	1	-0.00305275764712524	0	0	0
13	finalLog_goTrials_model043_startVal013_started2017-03-06-T231013	SAM_goTrials_model043_startVal013_exit1_started2017-03-06-T231013	13	877.783979230752	01:30:07.76	1	14.3318585923163	339.528091215894	1.47279945997204	1.39265565468841	1.27559883254804	0.903164525204387	1.0030961157068	1.15864137344637	0.317068265209903	24.0983563490636	0	1	-0.00124891960430036	0	0	0	41.1041126213828	217.09546625901	0.4636760639453	1.29211466924307	0.630219850249998	0.995002604259042	1.02441860591936	0.808126652085971	0.382839939225446	60.4564492085475	0	1	-0.00101774187497507	0	0	0
20	finalLog_goTrials_model043_startVal020_started2017-03-06-T231153	SAM_goTrials_model043_startVal020_exit1_started2017-03-06-T231153	20	883.529187345677	01:40:49.18	1	33.2296285629479	347.966452487835	1.43794843816076	1.32005324405344	1.18958348534907	0.667183887495442	0.909696295948186	1.0788624888297	0.358089759807152	59.1815017791573	0	1	-0.00043040616370812	0	0	0	33.5307974299733	330.002265812197	1.09089865317402	0.995558502101282	1.50112411899217	0.963917359128993	0.706125783876031	1.94351207558774	0.370958024396842	40.2954747900503	0	1	-0.00276942065781484	0	0	0
6	finalLog_goTrials_model043_startVal006_started2017-03-06-T230622	SAM_goTrials_model043_startVal006_exit1_started2017-03-06-T230622	6	901.242424617751	01:21:04.34	1	0.629789591939959	271.521438705482	1.14269069416961	1.03788389341049	0.935536531666368	0.504564329333003	0.72164537603714	0.84897991651088	0.29753523184344	66.9269557831461	0	1	-8.50313816815277e-05	0	0	0	44.9097004948556	165.112732866702	1.15894050022286	0.690938714953491	0.963703193824393	0.886638985962155	0.0160958950022867	0.798637853079252	0.286217379298278	59.3390395383461	0	1	-0.00295859377256336	0	0	0
15	finalLog_goTrials_model043_startVal015_started2017-03-06-T230729	SAM_goTrials_model043_startVal015_exit1_started2017-03-06-T230729	15	901.973933338485	00:56:12.54	1	20.7141626002389	257.03542292364	1.12190169359163	1.02911112113446	0.932869585974351	0.531901953903025	0.718321604269593	0.84413644355727	0.270394498251529	66.1954865736474	0	1	-0.000688977439733649	0	0	0	15.4160348028889	258.768142714023	1.64521380376335	1.16395921024503	1.06116905656954	0.85456675936883	0.584413642015335	0.268969442074764	0.344734362574395	52.7553112055483	0	1	-0.00128475124453914	0	0	0
2	finalLog_goTrials_model043_startVal002_started2017-03-06-T212330	SAM_goTrials_model043_startVal002_exit1_started2017-03-06-T212330	2	907.021026169864	01:32:50.48	1	12.039445715986	382.269400626361	2.21879437427346	2.07726100610726	1.97611112897012	1.28790539168527	1.70304992938952	1.87653933944581	0.340001138442648	28.9059308383838	0	1	-0.00339153353904855	0	0	0	9.1220842830271	330.82432650685	1.85484051669594	2.15435277895963	1.87610825826877	0.861865567969867	1.74919749303091	1.97843196136386	0.382927940837785	40.0367433916842	0	1	-0.00476446067972094	0	0	0
12	finalLog_goTrials_model043_startVal012_started2017-03-06-T230738	SAM_goTrials_model043_startVal012_exit1_started2017-03-06-T230738	12	911.602510532017	01:07:29.91	1	37.2253497995083	304.92019621195	1.58600568740919	1.50157707578221	1.38093365017414	0.994493676131259	1.13648720525376	1.28134930505112	0.30877694424318	71.1448213137981	0	1	-0.00226126966447597	0	0	0	38.44220689215	304.376414712051	1.39330990375508	0.990311226324568	1.92729397055067	0.555799912249167	0.907097410789725	1.50205363682872	0.350213391623426	72.8639610933293	0	1	-0.00261230831791492	0	0	0
3	finalLog_goTrials_model043_startVal003_started2017-03-06-T220118	SAM_goTrials_model043_startVal003_exit1_started2017-03-06-T220118	3	920.426807654296	01:25:20.16	1	26.1567022941822	203.634432052965	1.13788780285244	1.06435790888456	0.992918910803709	0.692870313586882	0.84754248303981	0.92473679882137	0.196240462385914	76.3262917564149	0	1	-0.00278053790839309	0	0	0	22.7322244797146	154.947666972059	1.01250797065292	1.05947534810308	1.09371934920859	1.02336265790501	0.566723908040174	0.965906500935051	0.342765495965648	69.1689753959798	0	1	-0.00413339303881207	0	0	0
10	finalLog_goTrials_model043_startVal010_started2017-03-06-T230548	SAM_goTrials_model043_startVal010_exit1_started2017-03-06-T230548	10	921.793120436297	01:07:19.42	1	37.1527848936179	364.30030243951	1.66652333145715	1.5165508786533	1.38434580109808	0.828368282493813	1.07060481299025	1.25513073992571	0.388260552382855	78.4831137138747	0	1	-0.000864678071056093	0	0	0	30.1529194236828	399.202235758494	1.37301082434648	1.72152750962816	1.34766136472944	1.25363069089594	0.598940110361189	1.80313794153446	0.36510540995455	76.9185940709345	0	1	-0.00113898946313225	0	0	0
9	finalLog_goTrials_model043_startVal009_started2017-03-06-T221147	SAM_goTrials_model043_startVal009_exit1_started2017-03-06-T221147	9	922.700838871972	00:59:28.36	1	4.57803155713821	296.921836824785	1.10717163454222	1.03641366213365	0.939110461213049	0.422040625742471	0.735939902853301	0.859804489706218	0.263553528998314	2.5215687151178	0	1	-0.000299446468421728	0	0	0	7.82306196781343	205.811941827947	1.22609514436172	1.09972965136611	1.05452595218917	0.508211962737743	0.292276277098535	1.1261713951011	0.349304323991234	0.183521464084633	0	1	-0.00114169335732506	0	0	0
11	finalLog_goTrials_model043_startVal011_started2017-03-06-T230728	SAM_goTrials_model043_startVal011_exit1_started2017-03-06-T230728	11	924.278078705027	01:03:01.24	1	38.996722588776	394.559912628277	1.41710576416251	1.32077691821129	1.20844136522818	0.525572538630287	0.960278406854101	1.07721236687962	0.327375754251932	0.0114996740581064	0	1	-0.000237709096045463	0	0	0	34.3789269748899	375.759967370719	1.04238579724105	1.23932868317512	1.02979121650449	0.382114838583279	1.57599549847389	1.1642986285433	0.354404503080537	0.875293287172952	0	1	-0.00144701301242985	0	0	0
14	finalLog_goTrials_model043_startVal014_started2017-03-06-T230607	SAM_goTrials_model043_startVal014_exit1_started2017-03-06-T230607	14	924.613054017185	01:22:07.47	1	13.940677446632	338.290964346133	1.54918751600522	1.46133931641451	1.29750466407741	0.741404568164639	0.96117111424305	1.16027416110956	0.385548164932343	68.6871651034481	0	1	-0.000915909144217976	0	0	0	12.5042096131343	277.732461175895	0.979467702077625	1.42799659014757	0.608233215085628	1.39723425383116	1.50258808045672	1.48698591484391	0.386026285052067	62.0900356116856	0	1	-0.00137844937118391	0	0	0
17	finalLog_goTrials_model043_startVal017_started2017-03-06-T230551	SAM_goTrials_model043_startVal017_exit1_started2017-03-06-T230551	17	930.662030453321	01:08:20.97	1	11.7373516359161	274.154730399931	1.53156857115492	1.43151090273962	1.30865146402415	0.865555712955287	1.05825472962495	1.19791336519315	0.301858969499443	79.3108140451138	0	1	-0.0023681284145664	0	0	0	21.9764826777864	206.851602498208	1.18646894158157	0.766420389890311	0.878003524311683	1.43795645580708	1.5438810294756	1.2038335387263	0.360951872063426	74.7552920403483	0	1	-0.0030302511033618	0	0	0
5	finalLog_goTrials_model043_startVal005_started2017-03-06-T223853	SAM_goTrials_model043_startVal005_exit1_started2017-03-06-T223853	5	940.017320189377	00:42:28.95	1	20.820139624491	192.903597858647	0.909335722441883	0.839894916596464	0.764247842297788	0.480912635165976	0.618608462302019	0.706108247710676	0.196144142692604	76.5934201810563	0	1	-0.00130187243955892	0	0	0	25.5960324943135	177.259905726587	0.739103610463098	0.707153104051224	1.23801282607787	0.186004568227331	0.766829913600921	0.621682219777794	0.24582702558287	79.5944633407002	0	1	-0.00340283386274364	0	0	0
16	finalLog_goTrials_model043_startVal016_started2017-03-06-T231027	SAM_goTrials_model043_startVal016_exit1_started2017-03-06-T231027	16	1098.99265478666	01:24:18.94	1	7.13502608872868	255.048289815942	1.04293390086587	0.945203304639122	0.84581504269266	0.191868055661329	0.571074730620163	0.712380917635788	0.273212817579325	53.0926835826008	0	1	-7.94929479367573e-06	0	0	0	15.8355032226985	221.293415179073	1.43399140403508	1.18141763118868	1.06300227310987	0.0614909315863518	0.299637603026949	0.18718973650609	0.324674258414441	42.8872277260392	0	1	-0.00159560547390241	0	0	0
