FileIndex	FileNameLog	FileNameSAM	StartValueIndex	FunctionValue	ElapsedTime	ExitFlag	BestX_ 1	BestX_ 2	BestX_ 3	BestX_ 4	BestX_ 5	BestX_ 6	BestX_ 7	BestX_ 8	BestX_ 9	BestX_10	BestX_11	BestX_12	BestX_13	BestX_14	BestX_15	BestX_16	BestX_17	StartX_ 1	StartX_ 2	StartX_ 3	StartX_ 4	StartX_ 5	StartX_ 6	StartX_ 7	StartX_ 8	StartX_ 9	StartX_10	StartX_11	StartX_12	StartX_13	StartX_14	StartX_15	StartX_16	StartX_17
4	finalLog_goTrials_model079_startVal004_started2016-11-19-T021657	SAM_goTrials_model079_startVal004_exit1_started2016-11-19-T021657	4	281.096962101431	00:57:16.82	1	23.0393900551777	0.4647580828312	63.0609320711115	0.329993549510446	0.311715134123174	0.291805004419826	0.224935192931037	0.235320357526247	0.25670911350613	0.00242131133927248	25.2282955161205	0	1	-0.0041662138498697	0	0	0	25.2980461848547	0.191701601158644	60.5295132354039	0.276239195525185	0.261936268106984	0.313676466879299	0.118767803395237	0.258360974054589	0.28746694628945	0.00176438184650697	21.6844705304005	0	1	-0.00421113183584875	0	0	0
1	finalLog_goTrials_model079_startVal001_started2016-11-19-T021601	SAM_goTrials_model079_startVal001_exit1_started2016-11-19-T021601	1	287.151635830677	00:34:52.52	1	21.6810583634572	5.25393441864229	58.1035632476716	0.256152185727661	0.235445009290076	0.216157286357139	0.138528445173897	0.157268361662009	0.179525828709217	0.00651651496255792	49.6784245781043	0	1	-0.00277224524620399	0	0	0	19.5359639184303	5	58.2635807253901	0.256022032813486	0.236290119905052	0.214937801025817	0.129099776894257	0.157151039886898	0.180035680647882	0.00643065796921731	49.2880422096181	0	1	-0.00279759761448579	0	0	0
12	finalLog_goTrials_model079_startVal012_started2016-11-19-T022853	SAM_goTrials_model079_startVal012_exit1_started2016-11-19-T022853	12	293.365798156581	00:37:33.12	1	24.2985934660775	12.9451222051271	61.8018509239938	0.239598711217543	0.21827466596626	0.201136476729486	0.131055842243505	0.143331165285897	0.162931713530195	0.0116700355456896	48.8938098715228	0	1	-0.00204679900808102	0	0	0	14.2105184014541	11.096084447994	82.3598115068588	0.260115617974381	0.176866032953367	0.222081252647981	0.169353779999246	0.14080309808362	0.149353770638502	0.0109986426151026	42.1595899488876	0	1	-0.00075533753697784	0	0	0
11	finalLog_goTrials_model079_startVal011_started2016-11-19-T022653	SAM_goTrials_model079_startVal011_exit1_started2016-11-19-T022653	11	321.008631810506	00:37:08.22	1	30.8378318949992	14.736569272676	67.5737564837779	0.267865256373511	0.246246238711597	0.226354642746893	0.146858756294502	0.1621823142647	0.18923444703787	0.0128606189854501	33.6627102491045	0	1	-0.00228158850064113	0	0	0	38.2850503670435	13.4383736068885	62.9484430957013	0.155868045718377	0.186240649913218	0.243418403714658	0.256577061771818	0.0333286988390764	0.177520836674057	0.0123463014590172	23.4129435438155	0	1	-0.0018290255855669	0	0	0
6	finalLog_goTrials_model079_startVal006_started2016-11-19-T021856	SAM_goTrials_model079_startVal006_exit1_started2016-11-19-T021856	6	322.296196499651	00:48:52.99	1	20.4225947116534	2.56633067851253	63.1846164775187	0.289284087446289	0.268624619007497	0.250281344332571	0.186605978799647	0.198118263145049	0.216935768335632	0.000688803165102043	1.30273969717976	0	1	-0.00329820569952269	0	0	0	9.2086827379775	5.73969344339938	54.697092396376	0.292172192325723	0.295440813131225	0.23184521560119	0.0890087045283082	0.131088834809667	0.253364568686257	0.00207291794605667	5.35968866885872	0	1	-0.0036676917713711	0	0	0
10	finalLog_goTrials_model079_startVal010_started2016-11-19-T022653	SAM_goTrials_model079_startVal010_exit1_started2016-11-19-T022653	10	346.666611716463	00:30:31.83	1	37.5407435098069	7.3775130868805	74.2456509203824	0.401503567231967	0.380640598462974	0.361205212030008	0.257590550147496	0.301110174638622	0.322110757187164	0.00599465481718714	21.0277305965814	0	1	-0.0044491438568214	0	0	0	32.4366711818045	8.49153228727566	82.3231379490339	0.452581553619986	0.389925380575608	0.39335620250117	0.224919989602017	0.242577783408182	0.244763981105946	0.00553833455940676	52.8457816256195	0	1	-0.00332448568009104	0	0	0
8	finalLog_goTrials_model079_startVal008_started2016-11-19-T022551	SAM_goTrials_model079_startVal008_exit1_started2016-11-19-T022551	8	352.522474042116	00:34:15.81	1	28.7141221132908	13.5184821133461	60.1231561125504	0.239623948680539	0.220257462118953	0.196083485324863	0.118802509272706	0.130291078700247	0.155997443466353	0.0100769432439519	73.712154168056	0	1	-0.00207541368680917	0	0	0	41.5936336065703	10.0857044276771	63.4165471518338	0.214283104385385	0.209647900655512	0.240659546195898	0.0588220056839838	0.100774287439089	0.223467833958365	0.0121312454063138	72.16379913727	0	1	-0.00307770098550569	0	0	0
2	finalLog_goTrials_model079_startVal002_started2016-11-19-T021601	SAM_goTrials_model079_startVal002_exit1_started2016-11-19-T021601	2	375.25145258392	00:43:49.17	1	23.9956314468783	12.6786606244471	54.7709668419287	0.246694584914247	0.224753879125287	0.204085417121425	0.127082580394913	0.146564273074078	0.166543466534998	0.000586618884012331	87.0182437504266	0	1	-0.00277618207139009	0	0	0	38.7180211356546	11.7616310376887	52.3970068499538	0.219108756693831	0.192927209994758	0.250727683076921	0.0630467500566634	0.0968752662379572	0.175918183583737	0.00488744035898853	69.6782969289363	0	1	-0.00341536246085659	0	0	0
7	finalLog_goTrials_model079_startVal007_started2016-11-19-T022507	SAM_goTrials_model079_startVal007_exit1_started2016-11-19-T022507	7	376.33281615478	00:29:08.27	1	25.1004905266526	11.3137788621838	61.6902618305094	0.208560399171835	0.184018829221173	0.161914643212178	0.0554865955795149	0.105935785145243	0.127921844075484	0.000945066446590205	41.5647078160973	0	1	-0.00110683906347178	0	0	0	35.1835858033803	9.43257894026062	55.9637723085236	0.171448828464295	0.209996820171724	0.176208224663738	0.0247699192851899	0.0911717732632762	0.200031203493471	0.00114082252828616	33.4485369652138	0	1	-0.00180504104430063	0	0	0
17	finalLog_goTrials_model079_startVal017_started2016-11-19-T023245	SAM_goTrials_model079_startVal017_exit1_started2016-11-19-T023245	17	384.024900757404	00:50:21.45	1	31.3989776573423	12.2497029836358	67.1337941352922	0.245648600871786	0.225367400986746	0.203293113132072	0.118814714161131	0.140566741959821	0.168040277877887	0.012778656863717	16.0409417418035	0	1	-0.00189880288455587	0	0	0	34.0500879856128	11.3161915739886	84.7853218187888	0.343489844366216	0.162209953560245	0.182695497075862	0.048485655273017	0.0608718657599945	0.227315629126174	0.0124306064648058	11.5373313398903	0	1	-0.000765174772567494	0	0	0
18	finalLog_goTrials_model079_startVal018_started2016-11-19-T023154	SAM_goTrials_model079_startVal018_exit1_started2016-11-19-T023154	18	395.642991332439	00:26:51.03	1	23.1482044649808	14.7834587501836	54.8989776776843	0.16195638254972	0.134189731887426	0.114537762907905	0.0294412301355776	0.0558859993508769	0.076424570903579	0.00554489926071	97.5089947681284	0	1	-5.73253362012166e-07	0	0	0	23.7467209187576	14.8106306038807	65.702445915264	0.200756329115307	0.172398143085393	0.0536726246333833	0.203445671155943	0.0295258825260667	0.00733015976300113	0.00467286889346315	94.0756406364194	0	1	-0.000164987819250123	0	0	0
16	finalLog_goTrials_model079_startVal016_started2016-11-19-T023002	SAM_goTrials_model079_startVal016_exit1_started2016-11-19-T023002	16	519.23671274523	00:55:27.97	1	35.846457814929	13.7522994174481	76.1649878951619	0.288975152802403	0.266262277101362	0.245232255629871	0.145127001466274	0.179246800063647	0.204225074232926	0.0127075599099511	15.5665064057305	0	1	-0.00208789855346727	0	0	0	17.5666075366727	4.04825495556601	86.1161197732215	0.316069852986857	0.201713765978797	0.188044158361338	0.229843608622085	0.149811652716078	0.159153953933861	0.0117389898822813	45.6298103944273	0	1	-0.000683543849326527	0	0	0
15	finalLog_goTrials_model079_startVal015_started2016-11-19-T022759	SAM_goTrials_model079_startVal015_exit1_started2016-11-19-T022759	15	597.816327361272	00:32:38.46	1	22.2900452365194	14.0277745099357	64.4303744377187	0.402132846312951	0.38022488992749	0.361912904751506	0.236043313116484	0.304745429073883	0.320366932591018	0.0126935663687039	53.0165416717236	0	1	-0.00538796424787886	0	0	0	9.05414711201188	14.5316460677686	67.1150156414415	0.481461069404411	0.32664942040483	0.367630979133253	0.227330792000116	0.308903775073649	0.356013591379919	0.0126472918452742	60.4926289091972	0	1	-0.00439179513303021	0	0	0
3	finalLog_goTrials_model079_startVal003_started2016-11-19-T021658	SAM_goTrials_model079_startVal003_exit1_started2016-11-19-T021658	3	649.403441451397	00:48:56.81	1	0.0495984667587181	0.949174039315748	49.1873051573005	0.299815962429616	0.280495465279042	0.257897694532181	0.189698499100828	0.200842426810731	0.221563297496402	0.0123587821669595	83.749211098796	0	1	-0.00492786849741756	0	0	0	19.6028204455526	2.95777906800836	45.9991648083263	0.292404211191313	0.260154287546954	0.259569711782322	0.100644453940587	0.253559313462726	0.179387293187229	0.00948723746848054	16.093189186416	0	1	-0.00541757077670943	0	0	0
14	finalLog_goTrials_model079_startVal014_started2016-11-19-T022749	SAM_goTrials_model079_startVal014_exit1_started2016-11-19-T022749	14	741.201274472025	00:35:44.86	1	26.8229703605982	8.63113542904531	76.2071829331027	0.302391962751182	0.275320197361672	0.257475521819884	0.175041887978192	0.209014338239254	0.22486721592175	0.00994011762239403	4.73813902810365	0	1	-0.00227467631764364	0	0	0	15.8440833120732	7.72254775836456	81.5972738872964	0.274602606838068	0.229432075944033	0.323241727646319	0.0630186266498206	0.10943328915582	0.263928821479581	0.0111434357139513	3.27120604517545	0	1	-0.0024064199274592	0	0	0
9	finalLog_goTrials_model079_startVal009_started2016-11-19-T022553	SAM_goTrials_model079_startVal009_exit1_started2016-11-19-T022553	9	1205.21086529639	00:24:42.64	1	38.6411160044169	4.5362151060701	55.7527975266897	0.390680546840752	0.376098915326059	0.375273092224922	0.210565538338158	0.314047696665406	0.31862663091691	0.00161376063626517	83.4899763613086	0	1	-0.00672839576066067	0	0	0	33.371273855422	7.67729879937713	56.3169441226582	0.44045530812572	0.456161738486674	0.388920888807689	0.12126351646531	0.283253793522449	0.233648912370334	0.00307631411684747	83.4543062682664	0	1	-0.00682510807675759	0	0	0
19	finalLog_goTrials_model079_startVal019_started2016-11-19-T023258	SAM_goTrials_model079_startVal019_exit1_started2016-11-19-T023258	19	2198.88846884684	00:30:20.23	1	36.1749904431887	8.35033221874257	63.4019867055245	0.378450036870753	0.350513979805035	0.328366613872974	0.0357475813924577	0.266086096678383	0.28742157050837	0.0128272255626547	95.0038347331461	0	1	-0.0047308917382925	0	0	0	25.7938780864224	13.4850734835921	66.6814117924432	0.38549638979753	0.299300882339243	0.351284203476958	0.0832752006038989	0.282272258046786	0.33633488627705	0.0123326315758451	94.0983749843116	0	1	-0.00347526192754779	0	0	0
20	finalLog_goTrials_model079_startVal020_started2016-11-19-T023354	SAM_goTrials_model079_startVal020_exit1_started2016-11-19-T023354	20	2255.64308087219	00:29:57.21	1	37.7812452015639	13.820581398481	74.5103803499796	0.322493222209825	0.297108687663039	0.274878301194342	0.000856258650721666	0.216932069014648	0.238655041499177	0.0112929833808876	15.7793168533423	0	1	-0.0028730846625335	0	0	0	11.4371617029614	12.2299106870054	87.6318812562242	0.265642859030625	0.367017293630466	0.346530418508904	0.0456420352075376	0.27377003391358	0.255812322228785	0.00902051229868313	22.8081755968257	0	1	-0.00245351277678161	0	0	0
5	finalLog_goTrials_model079_startVal005_started2016-11-19-T021713	SAM_goTrials_model079_startVal005_exit1_started2016-11-19-T021713	5	2258.23014045838	00:36:31.81	1	17.891842239035	0.572599517407369	57.4316030325559	0.419518060887523	0.39405634190475	0.375288412778722	6.76058772328704e-05	0.308549160637969	0.333497223756799	0.00686011083304059	94.8325845679039	0	1	-0.00652683356094325	0	0	0	15.8419734097821	1.77536751145855	55.4730097515112	0.37602971053728	0.339669058053063	0.36965419923074	0.00957552906456294	0.311563253921782	0.358143900067994	0.00876602819427615	82.6090306544293	0	1	-0.00599496878398583	0	0	0
13	finalLog_goTrials_model079_startVal013_started2016-11-19-T022759	SAM_goTrials_model079_startVal013_exit1_started2016-11-19-T022759	13	43091.8682722438	00:33:02.15	1	20.7191065431602	7.26013849061076	65.8240120636242	0.344191776857837	0.335295746369538	0.308591658050861	0.238038704312486	0.0267747106276957	0.27160493911271	0.0023336978390067	4.99419707928088	0	1	-0.00428947573359119	0	0	0	1.99775889792949	12.2333053902234	67.2541296167439	0.313533681860203	0.399526902588913	0.296812695221841	0.158059110385723	0.0304180017697963	0.189974665660565	0.00234479540824403	15.2213027354869	0	1	-0.00401548940603836	0	0	0
