FileIndex	FileNameLog	FileNameSAM	StartValueIndex	FunctionValue	ElapsedTime	ExitFlag	BestX_ 1	BestX_ 2	BestX_ 3	BestX_ 4	BestX_ 5	BestX_ 6	BestX_ 7	BestX_ 8	BestX_ 9	BestX_10	BestX_11	BestX_12	BestX_13	BestX_14	BestX_15	BestX_16	StartX_ 1	StartX_ 2	StartX_ 3	StartX_ 4	StartX_ 5	StartX_ 6	StartX_ 7	StartX_ 8	StartX_ 9	StartX_10	StartX_11	StartX_12	StartX_13	StartX_14	StartX_15	StartX_16
11	finalLog_goTrials_model043_startVal011_started2016-11-19-T020305	SAM_goTrials_model043_startVal011_exit1_started2016-11-19-T020305	11	631.909248085159	00:21:54.14	1	5.80154501001136	48.9444611333632	0.158070557933861	0.13778770537782	0.119928014923637	0.0458652163919705	0.0668679308768411	0.0838280720037148	0.000576302144880983	63.1766652839244	0	1	-0.00041858752793095	0	0	0	4.88888744128327	45.7881541356161	0.185676720192755	0.147140791715871	0.096142184882677	0.0438678552746416	0.0673266535646238	0.0932959373231542	0.000538986826205838	56.6782173176569	0	1	-0.00024811150938791	0	0	0
5	finalLog_goTrials_model043_startVal005_started2016-11-19-T020107	SAM_goTrials_model043_startVal005_exit1_started2016-11-19-T020107	5	637.798044457044	00:29:05.07	1	5.78528193228319	47.0467293969949	0.146864506222908	0.125075801515659	0.106742930766397	0.0367154223984254	0.0527905507269968	0.0691107599315688	0.000762170911601658	71.1923684532913	0	1	-0.000104660619807214	0	0	0	6.93522348513097	40.7527237830034	0.159594274544735	0.164382234301373	0.0833178036720496	0.0423073138135777	0.0307227970466462	0.0698519353810431	0.00134085559278969	62.7052057723744	0	1	-0.00139591836894704	0	0	0
8	finalLog_goTrials_model043_startVal008_started2016-11-19-T020207	SAM_goTrials_model043_startVal008_exit1_started2016-11-19-T020207	8	641.55634511538	00:21:36.03	1	11.3189998799942	55.8505425379727	0.159724885262363	0.141860041918559	0.124671980491096	0.0497218067872271	0.0703356094244216	0.0889999236782357	0.00201978208206635	26.9795198951373	0	1	-0.000254695324040696	0	0	0	10.3502153107913	57.2630746061938	0.152581034471034	0.123217054534458	0.114611471332696	0.05180305458597	0.0425784514205429	0.132697427449063	0.00196298740205433	28.888201094169	0	1	-0.000451108981982392	0	0	0
4	finalLog_goTrials_model043_startVal004_started2016-11-19-T020108	SAM_goTrials_model043_startVal004_exit1_started2016-11-19-T020108	4	644.913016195047	00:31:06.63	1	5.03992357121233	52.1466897814715	0.174525840259756	0.154097958303869	0.137182513191917	0.0674903001042825	0.0858638217101551	0.10093587489173	3.60346065708126e-05	28.8221500721755	0	1	-0.000892248007843368	0	0	0	3.13420010989703	37.9556638406431	0.148411493661644	0.152215979938135	0.14555979530372	0.0477607259832432	0.0457617352944527	0.0661077628474687	0.00188268260886648	14.9079856891684	0	1	-0.00246567910884689	0	0	0
14	finalLog_goTrials_model043_startVal014_started2016-11-19-T020334	SAM_goTrials_model043_startVal014_exit1_started2016-11-19-T020334	14	648.230369261272	00:27:38.08	1	10.7453663167277	49.3286032168047	0.154788446695605	0.134094664105245	0.113199432418448	0.0217630451727816	0.0565404290582906	0.0786065394731222	0.0005532513300582	89.1762766445991	0	1	-0.000150625354459708	0	0	0	11.2648765966892	43.7490229890837	0.102518896497306	0.0681647188120962	0.0552048442204901	0.0369664263383717	0.00381594248601277	0.0662414791357518	0.000512682292143762	84.3773455091094	0	1	-0.000142370487229141	0	0	0
1	finalLog_goTrials_model043_startVal001_started2016-11-19-T015221	SAM_goTrials_model043_startVal001_exit1_started2016-11-19-T015221	1	652.306557025469	00:34:35.43	1	5.90668886795332	49.6971648804164	0.153588169839671	0.135945114363874	0.117618779655232	0.0440006464542595	0.05947017959776	0.0817788449233553	0.00140126850664519	53.8673737155368	0	1	-0.000281098404080155	0	0	0	5	49.5962862149354	0.158088568563543	0.133382456079231	0.116417028240421	0.0442777539817484	0.0663736187164592	0.079250865957884	0.00133779575687606	46.2479265806923	0	1	-0.000338712829135767	0	0	0
17	finalLog_goTrials_model043_startVal017_started2016-11-19-T020409	SAM_goTrials_model043_startVal017_exit1_started2016-11-19-T020409	17	654.655701265043	00:21:16.06	1	10.8595607836387	51.929562076655	0.165197612940559	0.147827219743176	0.13235907292876	0.0781592956224452	0.0742708559172851	0.0950447057718077	0.00119265478021137	68.3539200801296	0	1	-0.000651635487798817	0	0	0	11.3261564851063	54.4137024311481	0.19205098588999	0.152124256767595	0.0927746471727119	0.075292016629047	0.0877983100578284	0.075586206644321	0.00108971375129426	72.7107665369123	0	1	-0.000886377208309206	0	0	0
6	finalLog_goTrials_model043_startVal006_started2016-11-19-T020209	SAM_goTrials_model043_startVal006_exit1_started2016-11-19-T020209	6	662.61839436829	00:20:07.55	1	13.0045456519952	59.5632604307776	0.156927255932912	0.137689541418849	0.120589469450963	0.0494040134240094	0.0707038548107333	0.0881877778409054	0.00243318798087459	8.08775197303385	0	1	-1.72647183765452e-07	0	0	0	10.6507699632654	60.2444342146139	0.172833989534322	0.104645514913144	0.152368878452709	0.0615018338601228	0.0522355892496775	0.0955667818653295	0.00231830916947316	5.57834170815914	0	1	-6.52479649035694e-05	0	0	0
13	finalLog_goTrials_model043_startVal013_started2016-11-19-T020334	SAM_goTrials_model043_startVal013_exit1_started2016-11-19-T020334	13	667.310176419637	00:24:46.42	1	5.92645240051877	46.2873297932854	0.146931210672403	0.126641611344258	0.106724880161604	0.0264172121300653	0.0492875255903907	0.0729780952718566	0.000165672186877228	91.011775721865	0	1	-5.99095146880651e-06	0	0	0	9.11090701690166	44.9107073854807	0.137225631967138	0.0730597798333555	0.0556264600986573	0.0739853348686767	0.067575187316888	0.037905906555307	0.000197599369338386	83.4857385537445	0	1	-7.43929036342555e-05	0	0	0
12	finalLog_goTrials_model043_startVal012_started2016-11-19-T020305	SAM_goTrials_model043_startVal012_exit1_started2016-11-19-T020305	12	668.013255919758	00:28:40.18	1	1.61386311010733	44.6263985947863	0.183113200490076	0.160343811115152	0.141309930245314	0.0526083574629169	0.0838989409547449	0.105680692432616	2.99463018772699e-05	89.0848191681117	0	1	-0.00155365373417922	0	0	0	10.5302686930213	34.2597291598192	0.13807023725783	0.147485469145839	0.139398997944746	0.063282891345169	0.0153504289265243	0.0612776564821589	7.0289835130263e-05	31.8447009235926	0	1	-0.00367242041638924	0	0	0
3	finalLog_goTrials_model043_startVal003_started2016-11-19-T020108	SAM_goTrials_model043_startVal003_exit1_started2016-11-19-T020108	3	686.376958016541	00:24:44.26	1	2.97668300474423	44.2393596284477	0.164700314921	0.143165480495629	0.124328114227265	0.0301946438721036	0.0682515378008576	0.087731465924284	0.00263021681441603	92.1047316497683	0	1	-0.000907880897375815	0	0	0	6.61848246387066	34.6125254575464	0.133423574436533	0.123600029039861	0.119675172109834	0.0590733162988222	0.0405110806268713	0.0762537299094232	0.00234629154488527	79.7576994031749	0	1	-0.00278567051573344	0	0	0
20	finalLog_goTrials_model043_startVal020_started2016-11-19-T020504	SAM_goTrials_model043_startVal020_exit1_started2016-11-19-T020504	20	703.821790576906	00:29:22.99	1	4.71152128495952	45.8332010268186	0.147404772094268	0.126234090715019	0.107028081581818	0.00342812502219119	0.0507318541325961	0.069894637421715	3.25275185923731e-05	85.8578301795185	0	1	-4.9746894648736e-05	0	0	0	1.37375948716618	28.7400925261066	0.0986587126462406	0.0810095880343606	0.107036220695238	0.0214259813576534	0.0345502422996688	0.0125106058251065	0.000282862288659419	43.2532268184792	0	1	-0.0023407209905159	0	0	0
9	finalLog_goTrials_model043_startVal009_started2016-11-19-T020207	SAM_goTrials_model043_startVal009_exit1_started2016-11-19-T020207	9	708.61519115785	00:30:17.83	1	4.23584150511648	47.7853051128071	0.14293887322977	0.123380176533272	0.103582978579229	0.0188085111945368	0.0507720692255621	0.0684648731717349	0.000524606354701436	48.8819952552421	0	1	-2.06940112488976e-06	0	0	0	13.0846334457528	35.252552643891	0.119203458765007	0.0558673778616385	0.077856383446643	0.0310434633290922	0.00425467922872368	0.0279834864759336	0.000135878639937324	68.4646157318484	0	1	-0.000593036909297129	0	0	0
19	finalLog_goTrials_model043_startVal019_started2016-11-19-T020550	SAM_goTrials_model043_startVal019_exit1_started2016-11-19-T020550	19	711.610907438023	00:32:36.52	1	3.31770843010337	49.6597645244765	0.159555783969194	0.1396295877245	0.122095953857465	0.0315509114488015	0.0681885844524141	0.0860628890636721	0.000561089840438668	43.7378201077764	0	1	-0.00043425087324592	0	0	0	5.14511679992403	49.8863293137291	0.165555407440736	0.12270874089156	0.0963482194916607	0.0142908038000293	0.128615697488084	0.0696355066851779	0.000352580531966342	38.3533026591089	0	1	-0.00119825110185083	0	0	0
7	finalLog_goTrials_model043_startVal007_started2016-11-19-T020205	SAM_goTrials_model043_startVal007_exit1_started2016-11-19-T020205	7	712.783322820008	00:22:49.80	1	6.2028276901891	54.1005981693348	0.180493947112139	0.159946197384859	0.142476021561083	0.0447977398944569	0.0918191074845612	0.108244276549994	0.000778207962096936	8.1100405427416	0	1	-0.00102081322543554	0	0	0	5.10052921935782	56.4376304472004	0.190886635583124	0.187567003366735	0.158426875381597	0.0358813321605038	0.0930614093697525	0.0821414906135386	0.000727388926443722	12.5924806410763	0	1	-0.00149541104651019	0	0	0
2	finalLog_goTrials_model043_startVal002_started2016-11-19-T020012	SAM_goTrials_model043_startVal002_exit1_started2016-11-19-T020012	2	714.743930008335	00:25:35.24	1	0.208428567850169	52.372850318889	0.150120173955904	0.134576809987572	0.116452298102905	0.041924163612255	0.0617218453019566	0.0807438260234147	0.00182384084199332	0.598159389710698	0	1	-0.000125758917348457	0	0	0	2.277682876744	45.9746907791226	0.161569095258111	0.128296158176984	0.115386616241035	0.0293363899784182	0.0208927621702192	0.0889058819985434	0.00239105100022855	0.211615824619305	0	1	-0.000769436028378077	0	0	0
18	finalLog_goTrials_model043_startVal018_started2016-11-19-T020406	SAM_goTrials_model043_startVal018_exit1_started2016-11-19-T020406	18	725.403603209925	00:27:02.65	1	1.52473845385027	49.6297794332898	0.154125284698244	0.134125348887253	0.118234449944459	0.0279624508432069	0.0660539229603439	0.0817660738964228	0.00200535018541888	33.3686810686745	0	1	-0.000293299008033412	0	0	0	3.07101919052205	44.2174776899896	0.128380794610618	0.144793269682003	0.091779333952519	0.0232410993153522	0.0611549523946163	0.132057296245716	0.00207352250078924	34.419828815379	0	1	-0.0016690045516652	0	0	0
10	finalLog_goTrials_model043_startVal010_started2016-11-19-T020323	SAM_goTrials_model043_startVal010_exit1_started2016-11-19-T020323	10	747.208091867496	00:31:00.83	1	2.11180055886254	42.2234043437694	0.142784629741202	0.122009202613847	0.100620123681207	0.0184737668728109	0.0437358314086217	0.064174936442001	0.00239219964882373	91.0025350738885	0	1	-0.000248416262419613	0	0	0	13.0754500268166	36.88321858208	0.152719769701452	0.0806059767090561	0.1054487567283	0.0511809814986145	0.00115058159881455	0.063048664736383	0.00195920950314693	68.4229490357261	0	1	-0.00199392299809721	0	0	0
16	finalLog_goTrials_model043_startVal016_started2016-11-19-T020406	SAM_goTrials_model043_startVal016_exit1_started2016-11-19-T020406	16	750.758058131486	00:28:06.47	1	11.8896928429874	51.636066541254	0.196289298202251	0.173338253430229	0.153773243664994	0.0362439713803328	0.0968391948729381	0.118367237008973	0.000193660038693596	66.6204666687863	0	1	-0.0015208925115754	0	0	0	11.6443547086788	42.3183001085423	0.162288319349894	0.12452797589946	0.153253066173688	0.0140440183900602	0.121095194696166	0.152502377971603	0.000345454584435736	68.9047606583753	0	1	-0.00221131922839544	0	0	0
15	finalLog_goTrials_model043_startVal015_started2016-11-19-T020407	SAM_goTrials_model043_startVal015_exit1_started2016-11-19-T020407	15	1082.96123154944	00:39:22.53	1	14.4582060824844	58.5819201570674	0.214098711462116	0.19546809859394	0.174265819148098	0.0322030267797282	0.119914203115534	0.134138798800008	0.000117007101370278	4.25267969697503	0	1	-0.00172887339040501	0	0	0	10.4900052698211	68.2122806166656	0.231986563852653	0.162345484899898	0.177139242923276	0.00714907897666061	0.102892943221933	0.13600068081673	1.69165015957273e-05	11.7801856726262	0	1	-0.000333016947408689	0	0	0
