FileIndex	FileNameLog	FileNameSAM	StartValueIndex	FunctionValue	ElapsedTime	ExitFlag	BestX_ 1	BestX_ 2	BestX_ 3	BestX_ 4	BestX_ 5	BestX_ 6	BestX_ 7	BestX_ 8	BestX_ 9	BestX_10	BestX_11	BestX_12	BestX_13	BestX_14	BestX_15	BestX_16	BestX_17	StartX_ 1	StartX_ 2	StartX_ 3	StartX_ 4	StartX_ 5	StartX_ 6	StartX_ 7	StartX_ 8	StartX_ 9	StartX_10	StartX_11	StartX_12	StartX_13	StartX_14	StartX_15	StartX_16	StartX_17
8	finalLog_goTrials_model079_startVal008_started2016-04-05-T081024	SAM_goTrials_model079_startVal008_exit1_started2016-04-05-T081024	8	378.403229509786	03:57:18.41	1	19.4433843497976	16.7489501162387	62.6200355146403	0.225419172618201	0.202726317449436	0.184972029128196	0.102872418325167	0.129965916227189	0.1493486663192	0.0179306805474587	28.1081935502768	0	1	-0.0017890020777104	0	0	0	6.25263109012006	20.0044431781269	62.964820235847	0.280586180046959	0.177147024408207	0.142419305327843	0.0446802672259361	0.0681807720984377	0.0680710288438202	0.0879421641426555	46.4143736524865	0	1	-0.0013739758042558	0	0	0
14	finalLog_goTrials_model079_startVal014_started2016-04-05-T081033	SAM_goTrials_model079_startVal014_exit1_started2016-04-05-T081033	14	395.499268675991	03:28:57.98	1	22.682180642058	19.799145373007	71.1925620826656	0.186510895330452	0.163742177741314	0.143256616705148	0.0776202503194071	0.083532184366996	0.106606852307075	0.0290400687066962	25.0365508533128	0	1	-0.00013369396148919	0	0	0	29.9601360985459	18.7334794431414	69.0983356865845	0.154911145092679	0.1739965830814	0.110466729495846	0.0763789579994636	0.043445465583475	0.0956590408727164	0.0838910490206402	19.8174356772859	0	1	-0.00101171410638371	0	0	0
7	finalLog_goTrials_model079_startVal007_started2016-04-05-T081024	SAM_goTrials_model079_startVal007_exit1_started2016-04-05-T081024	7	402.579791526688	03:07:30.80	1	31.7219670471353	26.4437426101	77.0641372229117	0.244143351761252	0.222234140572524	0.201201193996071	0.123321436109028	0.148567221048829	0.169802023063836	0.023461504732952	5.15719304263124	0	1	-0.00139790903453284	0	0	0	27.6775675379187	26.8333922258822	82.8346473994237	0.265562468247465	0.294440170693809	0.188389719743713	0.0411133666656039	0.121878970761672	0.10958389568203	0.0932392103597944	2.74439350425363	0	1	-0.00189010418210802	0	0	0
17	finalLog_goTrials_model079_startVal017_started2016-04-05-T081105	SAM_goTrials_model079_startVal017_exit1_started2016-04-05-T081105	17	445.259382390296	04:06:03.87	1	9.31625317310967	4.66677468171512	62.6578709831113	0.240166692466695	0.218862252714923	0.198006367632655	0.121471670374762	0.136479776359579	0.158012298344453	0.0334273340137503	29.4755828942266	0	1	-0.00187352132459765	0	0	0	18.8542295924704	4.43570248790539	60.0678148427672	0.244498434336027	0.184284414826919	0.197046755938742	0.145705826162343	0.109596170994229	0.0664995924640062	0.0654893760844143	14.5946275488273	0	1	-0.00225422284137518	0	0	0
1	finalLog_goTrials_model079_startVal001_started2016-04-05-T081053	SAM_goTrials_model079_startVal001_exit1_started2016-04-05-T081053	1	484.860437721485	02:52:47.59	1	16.942861346135	12.7839208073066	70.5596253056076	0.227249411557739	0.201016611287005	0.180674395022397	0.0967462839559174	0.116773766458155	0.142014877467266	0.0417331089406016	29.5013447881797	0	1	-0.000926955098585731	0	0	0	16	11	69	0.23	0.2	0.18	0.11	0.11	0.14	0.05	25	0	1	-0.001	0	0	0
3	finalLog_goTrials_model079_startVal003_started2016-04-05-T081046	SAM_goTrials_model079_startVal003_exit1_started2016-04-05-T081046	3	522.019531441758	03:17:27.30	1	25.3822898703687	21.6660336103152	89.6259555341687	0.230221032887037	0.199027190614047	0.177380110696124	0.0742495114579156	0.105817374823113	0.129819192061857	0.0534593610238617	0.832658491589358	0	1	-2.85396877129042e-05	0	0	0	14.6292056036025	25.2201964099237	87.9719599041073	0.223848855138788	0.208658534376843	0.172315641480487	0.113477531177797	0.0821481274336721	0.0504521278829368	0.0953423532162636	0.843727351530354	0	1	-0.000463361267195176	0	0	0
6	finalLog_goTrials_model079_startVal006_started2016-04-05-T081022	SAM_goTrials_model079_startVal006_exit1_started2016-04-05-T081022	6	542.313565779532	02:51:28.68	1	8.01292990545764	0.602559585262504	62.2223904490462	0.21065574000447	0.184426242657155	0.160886255228235	0.0433552411498622	0.102881004791469	0.131458054534756	0.0376978024634728	27.3792927438632	0	1	-0.000919475298367541	0	0	0	5.25496314176431	0.306846283920186	60.7207185772678	0.203446441295988	0.158376086772853	0.143857474047778	0.0175772978144552	0.140884764498009	0.14067468529071	0.0763381567580764	24.4062520933893	0	1	-0.00138775185627327	0	0	0
19	finalLog_goTrials_model079_startVal019_started2016-04-05-T081042	SAM_goTrials_model079_startVal019_exit1_started2016-04-05-T081042	19	558.289045031301	03:21:03.79	1	14.3619746722987	10.5467886879613	78.767160447114	0.220921505501615	0.195410592193375	0.175270154186203	0.0875168548127577	0.101083077735056	0.122240340713697	0.0560098425415862	25.6181650100981	0	1	-9.7746035860981e-05	0	0	0	12.4248153178962	9.53266491407445	75.8073808701317	0.168057933647012	0.126967425328341	0.189850470672263	0.110853122052029	0.128710108329649	0.126890497836301	0.0895930287452325	17.1494691162341	0	1	-0.000497146908895871	0	0	0
18	finalLog_goTrials_model079_startVal018_started2016-04-05-T081101	SAM_goTrials_model079_startVal018_exit1_started2016-04-05-T081101	18	566.176099958444	04:12:50.75	1	12.8731844537686	6.88242105505967	69.168640373842	0.323282157155476	0.295288603729788	0.276497244822667	0.157922066667647	0.213518922471688	0.235395389597128	0.0369740549614151	34.8216919071118	0	1	-0.00312564231385524	0	0	0	25.6367448757439	6.44069731828116	66.5107526229203	0.254819595037586	0.31469332086186	0.299177593164423	0.0807283164500164	0.154508437671644	0.216328821900668	0.0923441535662962	28.0734952441612	0	1	-0.00364322743804815	0	0	0
10	finalLog_goTrials_model079_startVal010_started2016-04-05-T112253	SAM_goTrials_model079_startVal010_exit1_started2016-04-05-T112253	10	571.678383817519	02:57:51.71	1	13.7897051499134	2.76228240389452	77.3985963626427	0.309195376920946	0.283436378281644	0.260975005652888	0.181398173679147	0.19464344623754	0.222823885897791	0.049657950465476	5.50318694999317	0	1	-0.00224556831122896	0	0	0	20.2168700406998	2.7448857430514	77.1248710200435	0.36937833447161	0.326645776313219	0.241311607027233	0.166874733581427	0.154041282502996	0.166993057246032	0.062282138266756	5.72728282421524	0	1	-0.00244229576840374	0	0	0
20	finalLog_goTrials_model079_startVal020_started2016-04-05-T081033	SAM_goTrials_model079_startVal020_exit1_started2016-04-05-T081033	20	582.183670916469	03:21:33.52	1	20.2521459826061	15.2036495567557	88.3239379683427	0.252845075901294	0.227864221354581	0.202562420684326	0.101588721626502	0.119944549239599	0.147328443575607	0.0668020666974086	15.5540030736964	0	1	-0.000381104044977356	0	0	0	17.413114477442	21.9720487454339	80.0408874161593	0.23917740880433	0.230235713872248	0.271118483540891	0.154042885729964	0.0359733435523416	0.167216958388466	0.0551649789567046	12.5490661289201	0	1	-0.000946206567070442	0	0	0
5	finalLog_goTrials_model079_startVal005_started2016-04-05-T081028	SAM_goTrials_model079_startVal005_exit1_started2016-04-05-T081028	5	590.528958724007	03:01:08.12	1	28.3705109199266	22.6057603239686	87.4151481059928	0.25986747508806	0.228687804105439	0.203796004817429	0.078615725629042	0.12640235887911	0.156558046658318	0.0595490889191073	37.6554201993845	0	1	-0.000550232866890657	0	0	0	34.202796347176	25.3850333666053	79.8830574167431	0.318089060799555	0.284247902998335	0.242157485487401	0.00847246483829556	0.144691195656178	0.109277059940278	0.0681861009584617	40.1240435890938	0	1	-0.00158794463277531	0	0	0
4	finalLog_goTrials_model079_startVal004_started2016-04-05-T081023	SAM_goTrials_model079_startVal004_exit1_started2016-04-05-T081023	4	602.697843467165	03:29:25.66	1	20.6122952666993	20.582430882691	79.8303183963736	0.225812787673693	0.195636865861	0.178351383757619	0.0728083282104141	0.104868705815271	0.117391232449862	0.0595852512626985	48.5524257255236	0	1	-0.000220301297090546	0	0	0	16.211646721969	20.8281804275273	89.2654395476413	0.323317499427965	0.222951496622965	0.176629508935303	0.0688054922266436	0.0389004751298749	0.146904180765017	0.0911853292381341	42.3679035305458	0	1	-0.000767591507241128	0	0	0
2	finalLog_goTrials_model079_startVal002_started2016-04-05-T081046	SAM_goTrials_model079_startVal002_exit1_started2016-04-05-T081046	2	648.119163733955	03:38:48.92	1	4.61432598902166	2.48812496898708	84.0935704826332	0.260446408372685	0.234656239355133	0.206073762840589	0.100705574446509	0.122611920293846	0.152068646593337	0.0730484965946508	10.9177590049614	0	1	-0.00043933608395942	0	0	0	3.94186582066723	12.1938741731353	81.1529150033835	0.21143936458166	0.234566551335121	0.2348049891311	0.0682247948087301	0.0712216457493281	0.168240234211905	0.0854340183649785	5.63311578315671	0	1	-0.000652055836856008	0	0	0
13	finalLog_goTrials_model079_startVal013_started2016-04-05-T081039	SAM_goTrials_model079_startVal013_exit1_started2016-04-05-T081039	13	666.579552976164	03:42:39.38	1	33.2164729556155	25.2526979920218	97.8481073522145	0.299861891245224	0.26394800499081	0.235002450093661	0.107246851935975	0.145441967160087	0.17835796672244	0.0738727499886249	45.3381236064928	0	1	-0.000624448268327753	0	0	0	36.2513132871115	14.7542197695857	86.9140100495258	0.384637062533539	0.325360905959634	0.231255030269347	0.0364908309581252	0.215287547472406	0.202386723022148	0.0698643664268975	47.0011345937859	0	1	-0.00156248221044218	0	0	0
15	finalLog_goTrials_model079_startVal015_started2016-04-05-T081101	SAM_goTrials_model079_startVal015_exit1_started2016-04-05-T081101	15	677.378969072047	03:05:34.13	1	19.4890066795151	17.3589618449202	98.0350086122827	0.272363517785309	0.242104550301362	0.216928733677106	0.0956131016933234	0.129157567125956	0.158516640345591	0.0778505572109375	16.6984465612659	0	1	-0.000139221752612041	0	0	0	15.9471078772794	18.3522386585715	96.4437761287663	0.361394672216917	0.269293089236657	0.155057891641731	0.0636372048194582	0.0931769578237179	0.157683077387853	0.0862758676670053	21.0460788977014	0	1	-0.00030125513220708	0	0	0
11	finalLog_goTrials_model079_startVal011_started2016-04-05-T081344	SAM_goTrials_model079_startVal011_exit1_started2016-04-05-T081344	11	693.190619825462	02:09:21.52	1	26.3455311645975	15.5787141730207	91.0721718740478	0.343712938713872	0.309943720804761	0.279975236938212	0.150521357118288	0.206391050790541	0.231301294347876	0.0712115227718313	35.4688461949313	0	1	-0.00172558809648131	0	0	0	30.0284769564517	14.2809065908676	93.3197524589509	0.319486909965392	0.35116065432829	0.309941672077381	0.130481603178565	0.188520639441076	0.208492959674648	0.0630757626740935	36.5369632176841	0	1	-0.00190372529402016	0	0	0
12	finalLog_goTrials_model079_startVal012_started2016-04-05-T081102	SAM_goTrials_model079_startVal012_exit1_started2016-04-05-T081102	12	709.530360295834	02:59:03.96	1	3.62799105726683	2.59985673209489	87.4764070402174	0.257004154756507	0.226150108408504	0.198537133346687	0.0680876007992559	0.115595208010041	0.14825076686521	0.0728659985768679	3.67197464559927	0	1	-6.04869986396365e-05	0	0	0	5.09507372088263	5.62925479720893	91.824529341146	0.260774485082666	0.297565241576713	0.24179715992979	0.0194378603653752	0.0617867548579285	0.120682468176626	0.0730034847511129	5.75131640943713	0	1	-0.000182663778940381	0	0	0
9	finalLog_goTrials_model079_startVal009_started2016-04-05-T081025	SAM_goTrials_model079_startVal009_exit1_started2016-04-05-T081025	9	725.939268450537	02:41:25.04	1	17.2980049294755	17.4502449805707	95.6553742275764	0.303548203124718	0.273725933418055	0.246207986387311	0.138116364266521	0.1518110088148	0.180598414777039	0.0852793588088342	39.173577844693	0	1	-0.00069782158251008	0	0	0	11.2334191067049	17.9519794945283	98.8036624809593	0.279021684715879	0.214186001545369	0.27480167153389	0.170552601675647	0.153853410624043	0.205442551820671	0.0760796103459423	38.7552107342075	0	1	-0.000374266559824607	0	0	0
16	finalLog_goTrials_model079_startVal016_started2016-04-05-T081101	SAM_goTrials_model079_startVal016_exit1_started2016-04-05-T081101	16	767.772138029537	03:39:21.07	1	0.0178280798118045	4.29310070720832	87.8480324628745	0.343458552839224	0.311495786202697	0.284129949169414	0.161427115335647	0.189215100638691	0.229769101658476	0.073193993021058	3.98105460813424	0	1	-0.00183786495695222	0	0	0	1.25227744937426	10.5681109453252	74.462764995112	0.422942109972158	0.318393906802681	0.293743447757495	0.0679903381921746	0.100367349203161	0.245043230596669	0.0877213340106178	4.02262641395181	0	1	-0.00324719314776636	0	0	0
