FileIndex	FileNameLog	FileNameSAM	StartValueIndex	FunctionValue	ElapsedTime	ExitFlag	BestX_ 1	BestX_ 2	BestX_ 3	BestX_ 4	BestX_ 5	BestX_ 6	BestX_ 7	BestX_ 8	BestX_ 9	BestX_10	BestX_11	BestX_12	BestX_13	StartX_ 1	StartX_ 2	StartX_ 3	StartX_ 4	StartX_ 5	StartX_ 6	StartX_ 7	StartX_ 8	StartX_ 9	StartX_10	StartX_11	StartX_12	StartX_13
17	finalLog_goTrials_model002_startVal017_started2017-03-07-T133126	SAM_goTrials_model002_startVal017_exit1_started2017-03-07-T133126	17	1076.69459140012	00:42:27.39	1	17.5779465652879	1.95033348706338	53.82347277456	0.205192546360374	0.149134597063405	6.43931043448302e-05	53.5533546471708	0	1	-0.00195291707577192	0	0	-0.112816742932684	10.5439062525299	13.2419608213489	37.0872535405452	0.208373968413986	0.111988367243245	0.0200767832286944	51.3503939594315	0	1	-0.0045865341442986	0	0	-0.150898391681183
11	finalLog_goTrials_model002_startVal011_started2017-03-07-T133136	SAM_goTrials_model002_startVal011_exit1_started2017-03-07-T133136	11	1106.100044731	01:08:03.86	1	16.3752644355133	0.231055942052166	52.557754253864	0.208762997323514	0.144456775079943	0.00863074000040041	58.418600837073	0	1	-0.00252159965124921	0	0	-0.0193427430751847	0.093101853380842	5.38427960982263	35.3246562001299	0.170147557762891	0.0963751137798833	0.00189229383953939	64.1583779457341	0	1	-0.00188173368245785	0	0	-0.337498265711565
6	finalLog_goTrials_model002_startVal006_started2017-03-07-T131953	SAM_goTrials_model002_startVal006_exit1_started2017-03-07-T131953	6	1109.1661842467	00:33:57.76	1	15.8107867732489	4.00718414293986	57.9690336585727	0.151880044490848	0.096452018531899	0.0221304136775818	35.28399901064	0	1	-7.65441757041088e-05	0	0	-0.11702024375603	9.78124449363914	6.68892343730645	51.6782372233896	0.148867026205833	0.12997780695819	0.0230019729538869	33.5975287841273	0	1	-0.000637446883693314	0	0	-0.130627499824089
19	finalLog_goTrials_model002_startVal019_started2017-03-07-T133143	SAM_goTrials_model002_startVal019_exit1_started2017-03-07-T133143	19	1111.77582677961	00:38:27.70	1	13.3534274879796	2.66420362210255	53.7366064872457	0.137819611588201	0.0821345230375305	0.00852609929134132	42.7680188969268	0	1	-2.83921192142786e-05	0	0	-0.0857251967457271	23.1246480504614	5.94435372764663	38.3744118156585	0.123256385800021	0.079662505520591	0.0109863475556008	13.6333608030968	0	1	-0.00107105543412397	0	0	-0.527146325500073
16	finalLog_goTrials_model002_startVal016_started2017-03-07-T133127	SAM_goTrials_model002_startVal016_exit1_started2017-03-07-T133127	16	1114.72798824293	00:39:49.24	1	12.8072521415623	0.294734106054773	51.9625323262877	0.139916872218878	0.08299946535323	0.0155178643967364	62.9711402989658	0	1	-9.84820370981965e-08	0	0	-0.108096365220407	13.1823574720489	0.770215931789962	35.8742320792002	0.142383715124881	0.0840001027941823	0.00408404278146043	45.4482501528984	0	1	-0.0023560217169991	0	0	-0.38686164640524
10	finalLog_goTrials_model002_startVal010_started2017-03-07-T133132	SAM_goTrials_model002_startVal010_exit1_started2017-03-07-T133132	10	1117.60992127275	00:57:59.32	1	13.0906966609972	1.33132916241149	52.2182768551401	0.13622651620542	0.0699066847828069	0.0222806698209572	67.7790088652136	0	1	-6.48448810967065e-05	0	0	-0.0116106855892952	7.36070814150838	3.95751062290193	43.5375508373415	0.0896229974596662	0.0436548602552505	0.0244753863048926	22.9715671735287	0	1	-0.000456813340421716	0	0	-0.0260035684172274
7	finalLog_goTrials_model002_startVal007_started2017-03-07-T131553	SAM_goTrials_model002_startVal007_exit1_started2017-03-07-T131553	7	1117.82772005333	00:32:58.17	1	23.3966462495064	9.00235387249851	62.6409767537986	0.211660728941077	0.148291912788626	0.0237083809074988	48.3450620842335	0	1	-0.00127846925822284	0	0	-0.118421937162126	29.5707201681734	8.77077928894981	58.9216313960287	0.223945765023929	0.145970252585051	0.0224287250154069	43.5832570261682	0	1	-0.00121596707174718	0	0	-0.389015510771948
14	finalLog_goTrials_model002_startVal014_started2017-03-07-T133143	SAM_goTrials_model002_startVal014_exit1_started2017-03-07-T133143	14	1118.535624747	00:44:17.35	1	12.5943431355843	0.718926416129423	49.2262078236927	0.140503156443383	0.0883118550428334	5.84667451094079e-05	65.3628558046476	0	1	-6.14243964670337e-06	0	0	-0.196279082075672	23.8451148106585	5.86977561845841	39.8864230701802	0.0880132231123487	0.0251682717440668	0.000926648358198677	68.7335958508193	0	1	-0.00069686330951309	0	0	-0.109948084558736
8	finalLog_goTrials_model002_startVal008_started2017-03-07-T131953	SAM_goTrials_model002_startVal008_exit1_started2017-03-07-T131953	8	1122.07737588388	00:35:15.20	1	12.2801512096795	0.902275570625545	49.9823285223859	0.136443323189173	0.0825299194820726	0.00401170402308328	68.7877398754912	0	1	-3.35157424065716e-07	0	0	-0.125736927397607	4.64361544358542	4.63704639699401	36.7857984634609	0.14618376704841	0.0842118329810485	0.0195668908873934	51.6293336160913	0	1	-0.000916326455262718	0	0	-0.482320161624545
3	finalLog_goTrials_model002_startVal003_started2017-03-07-T131957	SAM_goTrials_model002_startVal003_exit1_started2017-03-07-T131957	3	1125.12075902644	00:43:45.69	1	12.7409579350632	0.473385785818664	54.2905986196483	0.172821827994646	0.11922814679158	0.0147486846050072	42.6271248014608	0	1	-0.000530391982164068	0	0	-0.196845700329465	13.7283761792365	0.771724398453079	49.5388889559002	0.162793668833911	0.12302364830718	0.0177662497149697	28.369787560035	0	1	-0.000661039330568503	0	0	-0.242914753514075
1	finalLog_goTrials_model002_startVal001_started2017-03-07-T131255	SAM_goTrials_model002_startVal001_exit1_started2017-03-07-T131255	1	1128.55545735445	00:29:04.94	1	14.1095752387586	4.25776144343856	54.5320624999994	0.136663832864346	0.0747911559724205	0.0123964112481902	39.8963738711413	0	1	-0.000123780147713122	0	0	-0.00763679443454812	14.8110419883108	5	54.2564757024694	0.137133109515824	0.0747953416222148	0.012275981862678	34.3963767088157	0	1	-0.000156029095884966	0	0	-0.0212548190072239
4	finalLog_goTrials_model002_startVal004_started2017-03-07-T131950	SAM_goTrials_model002_startVal004_exit1_started2017-03-07-T131950	4	1135.6183903758	00:32:55.71	1	17.7326755204512	2.62608825413657	54.1143264810665	0.19390315452608	0.141819343046144	0.0141308124201342	62.5005718385947	0	1	-0.00108858080839053	0	0	-0.211109242883051	16.1708158999666	10.0722883735822	47.7654609265114	0.180153467270863	0.117510537578193	0.0128073874521714	44.9681647876373	0	1	-0.00125288571217654	0	0	-0.257976912714673
12	finalLog_goTrials_model002_startVal012_started2017-03-07-T133131	SAM_goTrials_model002_startVal012_exit1_started2017-03-07-T133131	12	1143.29059639222	00:35:31.73	1	22.5644020033935	9.96591595319877	60.8303659353992	0.164625185269857	0.109793659834325	0.0115192881389335	35.1876282160797	0	1	-0.00013440203354731	0	0	-0.185438737697881	23.282210934684	9.2034765909999	57.3925116272703	0.180188233231786	0.101744973044824	0.0102253206704751	32.5074057547836	0	1	-0.000180189265312745	0	0	-0.160286392641128
2	finalLog_goTrials_model002_startVal002_started2017-03-07-T131551	SAM_goTrials_model002_startVal002_exit1_started2017-03-07-T131551	2	1145.88398068406	00:39:50.37	1	19.9956001581952	5.0913439921768	55.2680673892921	0.195528785869376	0.13468935062797	0.0064558076536656	60.7244421154552	0	1	-0.00175574436313903	0	0	-0.0513566292558761	14.9735317798705	6.54832173558402	53.8807299066395	0.189637691919601	0.14502570882163	0.00574605737637199	54.1908169244441	0	1	-0.00160718403301127	0	0	-0.0694242959018115
13	finalLog_goTrials_model002_startVal013_started2017-03-07-T132752	SAM_goTrials_model002_startVal013_exit1_started2017-03-07-T132752	13	1147.26284773715	00:34:00.92	1	12.8183225928564	1.42061762542356	50.5210362887005	0.1316186818787	0.0652593222926474	0.0234114415292922	68.7820057636135	0	1	-0.00015274598464879	0	0	-3.82616955363346e-06	15.2366646393808	10.4062886120087	41.2174419321021	0.124633306291151	0.0622623554750231	0.0219951233700014	31.7494618325412	0	1	-0.00152495520326895	0	0	-0.263933562533016
5	finalLog_goTrials_model002_startVal005_started2017-03-07-T132004	SAM_goTrials_model002_startVal005_exit1_started2017-03-07-T132004	5	1153.36365545124	00:33:52.97	1	24.4635127065641	13.8943886215728	62.9858135030712	0.171464157868587	0.110014807282402	0.0199465776087723	48.0670930101413	0	1	-0.000499464338895655	0	0	-0.067310768939966	34.3065004205045	11.9097039052487	57.34883948958	0.175013936150358	0.0787489327181939	0.0187392255994958	48.9836700052993	0	1	-0.000732785138661288	0	0	-0.143406726184291
15	finalLog_goTrials_model002_startVal015_started2017-03-07-T133131	SAM_goTrials_model002_startVal015_exit1_started2017-03-07-T133131	15	1153.71212402149	00:35:20.74	1	15.2019608376579	4.49474263405309	57.0023704602285	0.138505623415991	0.0806293883875833	0.00615786301313337	27.8217291146343	0	1	-1.54914874789134e-05	0	0	-0.0325644769851579	8.35888667611186	11.360275216612	48.9894305301491	0.103153383075776	0.0565012556156271	0.00542566541602074	22.6960324357771	0	1	-4.03253630520649e-05	0	0	-0.22960570952935
9	finalLog_goTrials_model002_startVal009_started2017-03-07-T132718	SAM_goTrials_model002_startVal009_exit1_started2017-03-07-T132718	9	1154.01295637855	00:32:51.52	1	16.4926028689333	4.31264912101742	58.2048904319348	0.180264131708449	0.116398052333352	0.0151688675051778	20.407218084961	0	1	-0.00135295720118643	0	0	-0.000918296765134885	32.6489069988546	4.18176030658528	54.7784906048006	0.151801804882073	0.109016316590266	0.0145687049575226	7.49159372161439	0	1	-0.00149991421180723	0	0	-0.0550769627804414
20	finalLog_goTrials_model002_startVal020_started2017-03-07-T133223	SAM_goTrials_model002_startVal020_exit1_started2017-03-07-T133223	20	1169.55316497692	00:43:51.48	1	15.2777918700165	3.63580226764236	58.8849108072609	0.141710566039124	0.0799061258294027	0.0103172928145531	8.40191435545162	0	1	-3.93333943346707e-05	0	0	-0.0363433264186112	0.459892082055516	14.8853845976989	41.1665404357887	0.180679493203308	0.116888966453105	0.0233028340931657	10.3586680933728	0	1	-0.000627918761323894	0	0	-0.417532864220846
18	finalLog_goTrials_model002_startVal018_started2017-03-07-T133126	SAM_goTrials_model002_startVal018_exit1_started2017-03-07-T133126	18	1234.13216570148	00:31:22.50	1	24.1327169319893	12.6581819379915	64.1339258312347	0.199441003558212	0.149004641053414	0.00471501385656533	5.04983543786087	0	1	-0.00102002460060934	0	0	-0.160501842437019	28.6817239567794	11.2041353866224	66.3332673821062	0.242964088663394	0.149226667284371	0.0024669872722502	4.01681803237284	0	1	-0.00110656899819709	0	0	-0.317301716276872
