FileIndex	FileNameLog	FileNameSAM	StartValueIndex	FunctionValue	ElapsedTime	ExitFlag	BestX_ 1	BestX_ 2	BestX_ 3	BestX_ 4	BestX_ 5	BestX_ 6	BestX_ 7	BestX_ 8	BestX_ 9	BestX_10	BestX_11	BestX_12	BestX_13	BestX_14	BestX_15	BestX_16	BestX_17	StartX_ 1	StartX_ 2	StartX_ 3	StartX_ 4	StartX_ 5	StartX_ 6	StartX_ 7	StartX_ 8	StartX_ 9	StartX_10	StartX_11	StartX_12	StartX_13	StartX_14	StartX_15	StartX_16	StartX_17
18	finalLog_goTrials_model060_startVal018_started2016-02-02-T084608	SAM_goTrials_model060_startVal018_exit1_started2016-02-02-T084608	18	809.953489373631	00:43:09.56	1	13.9098481249134	23.1133668802107	108.831772114805	0.409286706337768	0.371629446475124	0.340027061055518	0.14984324995275	0.24449192980855	0.294761819823991	0.0899632584156837	61.6604762941842	0	1	-6.51656508854868e-06	0	0	0	14.8766901683389	36.5688471184836	105.963348167985	0.327547195101249	0.278441802008979	0.366402228711853	0.294590857439753	0.279733473861897	0.308163827731007	0.0760796103459423	62.0083371747321	0	1	-0.000374266559824607	0	0	0
10	finalLog_goTrials_model060_startVal010_started2016-02-02-T084609	SAM_goTrials_model060_startVal010_exit1_started2016-02-02-T084609	10	826.326702537178	00:40:25.88	1	0.715049710850141	10.496240549961	104.332189263997	0.414206999593713	0.381374980144671	0.349991743326712	0.14495526906493	0.269345231999893	0.310702120876156	0.0730986373484892	11.966923960541	0	1	-0.00061304885777736	0	0	0	1.65842148700915	21.5276334071439	79.8586175309897	0.496497259532534	0.413912078843485	0.391657930343327	0.117437856877393	0.182486089460293	0.367564845895003	0.0877213340106178	6.43620226232289	0	1	-0.00324719314776636	0	0	0
8	finalLog_goTrials_model060_startVal008_started2016-02-02-T084609	SAM_goTrials_model060_startVal008_exit1_started2016-02-02-T084609	8	826.618197342262	00:44:48.19	1	8.84724503348397	22.4959672298448	106.843133584825	0.450289390592859	0.423535050855943	0.371151815645782	0.19959092808099	0.261467266611743	0.33207696688468	0.0943499383026704	75.1061924588587	0	1	-0.000493341384085699	0	0	0	28.9543317898615	38.9723483817662	98.1744108118141	0.471948933962018	0.415232654341804	0.325112280307893	0.142412222642258	0.171208899650334	0.408781371301733	0.0952771191845256	54.7781768895192	0	1	-0.00246069957954776	0	0	0
11	finalLog_goTrials_model060_startVal011_started2016-02-02-T084610	SAM_goTrials_model060_startVal011_exit1_started2016-02-02-T084610	11	849.510115068113	00:46:24.41	1	0.851854805145906	7.03706779241914	94.9655909443784	0.445063737932247	0.428795712816995	0.393536479055588	0.281044910338828	0.32770112869059	0.362858599269591	0.0597231520114266	9.66499668100532	0	1	-0.00208716000016339	0	0	0	26.7736927566025	5.59143392103063	82.7136297896119	0.433618044814498	0.424639509207185	0.321748809369644	0.2882381761861	0.280075059096356	0.250489585869049	0.062282138266756	9.16365251874438	0	1	-0.00244229576840374	0	0	0
4	finalLog_goTrials_model060_startVal004_started2016-02-02-T084608	SAM_goTrials_model060_startVal004_exit1_started2016-02-02-T084608	4	870.042242351233	00:42:30.69	1	17.2521710976997	24.2165854044681	102.883146319094	0.362842207676101	0.3357545511694	0.300263428244275	0.147316399293702	0.219195936167948	0.26698335307572	0.0721722443123115	41.1238995764136	0	1	-4.62863688575118e-06	0	0	0	21.1191428645052	37.3841898600531	103.432455558387	0.42424591955899	0.350081016007655	0.206743855522308	0.109918808324519	0.169412650588578	0.236524616081779	0.0862758676670053	33.6737262363222	0	1	-0.00030125513220708	0	0	0
15	finalLog_goTrials_model060_startVal015_started2016-02-02-T084613	SAM_goTrials_model060_startVal015_exit1_started2016-02-02-T084613	15	872.783595432036	00:45:21.64	1	0.196625666698231	8.93908646365338	77.1937537859972	0.318058129586501	0.29974705358242	0.263032367021125	0.131881459766327	0.171301216854011	0.227027846686412	0.064661112304042	79.3538543983888	0	1	-7.88784307413672e-05	0	0	0	16.4982639551823	38.5318730530328	72.6056360334727	0.302566007896836	0.303967321959162	0.175139164494536	0.0237581575498027	0.220245656872537	0.196717101910802	0.0854679699791956	65.1144515315604	0	1	-0.00200465221147444	0	0	0
3	finalLog_goTrials_model060_startVal003_started2016-02-02-T084554	SAM_goTrials_model060_startVal003_exit1_started2016-02-02-T084554	3	874.02002467675	00:37:34.99	1	9.82609673163094	16.890164657379	127.256507803678	0.439590289943545	0.423530817554118	0.374180587714886	0.103462376329697	0.275530869706028	0.33168951715074	0.0920095200494498	0.0310955185157358	0	1	-4.87438747943146e-05	0	0	0	15.8848704173439	11.0472866870492	118.661330633371	0.434438087388122	0.392149583257924	0.430160598108874	0.0663028275969765	0.270792835280176	0.38955070165377	0.0871385367393402	0.196344994162487	0	1	-0.000297924722814327	0	0	0
6	finalLog_goTrials_model060_startVal006_started2016-02-02-T084555	SAM_goTrials_model060_startVal006_exit1_started2016-02-02-T084555	6	877.512268493756	00:44:02.85	1	7.17982296529765	15.8107674468544	91.8847864804514	0.324672095584487	0.303049714031981	0.273257125484813	0.138089110609247	0.202930665549836	0.241966269108603	0.0555606080619452	13.4254530995216	0	1	-0.000121609491322679	0	0	0	5.22030878953227	24.8393733156459	87.0335610181214	0.248211427987166	0.304936516735658	0.313073318841466	0.117842827396897	0.129493901362415	0.252360351317857	0.0854340183649785	9.01298525305074	0	1	-0.000652055836856008	0	0	0
13	finalLog_goTrials_model060_startVal013_started2016-02-02-T084610	SAM_goTrials_model060_startVal013_exit1_started2016-02-02-T084610	13	904.690180711323	00:37:28.14	1	0.412987621489272	7.4615832703018	94.3648056303475	0.341727862780687	0.320108278041094	0.282029570453663	0.0721523893268552	0.202947501624987	0.248011056921523	0.0701180274150876	9.80894612966247	0	1	-2.18154302785616e-05	0	0	0	6.74753006279051	11.467000512833	98.4784807426783	0.306126569444869	0.386834814049727	0.32239621323972	0.033574486085648	0.112339554287143	0.18102370226494	0.0730034847511129	9.20210625509941	0	1	-0.000182663778940381	0	0	0
7	finalLog_goTrials_model060_startVal007_started2016-02-02-T084557	SAM_goTrials_model060_startVal007_exit1_started2016-02-02-T084557	7	915.442751980307	00:39:45.29	1	20.2298042824205	35.1145459004324	101.020510774243	0.46773183985962	0.450745992167424	0.402529419959483	0.263121901542508	0.318102093191898	0.373043899979198	0.0671606692758904	54.6017034956325	0	1	-0.00194186910836605	0	0	0	39.7674424558414	29.0907356480636	100.082053361773	0.375049850828938	0.456508850626776	0.413255562769842	0.225377314581157	0.342764798983775	0.312739439511972	0.0630757626740935	58.4591411482946	0	1	-0.00190372529402016	0	0	0
1	finalLog_goTrials_model060_startVal001_started2016-02-02-T084611	SAM_goTrials_model060_startVal001_exit1_started2016-02-02-T084611	1	950.110912626559	00:33:42.66	1	14.5142048741513	22.0567510746947	80.3018404201941	0.318061458435758	0.295049298095167	0.260373832121638	0.125633735149601	0.197434739273131	0.23692898912974	0.0452476970468244	53.1773546466025	0	1	-0.000678916819494599	0	0	0	22	25	74	0.27	0.26	0.24	0.19	0.2	0.21	0.05	40	0	1	-0.001	0	0	0
9	finalLog_goTrials_model060_startVal009_started2016-02-02-T084606	SAM_goTrials_model060_startVal009_exit1_started2016-02-02-T084606	9	955.687093102752	00:46:03.05	1	17.3791532191608	26.8894746122957	91.808599004884	0.329827026148086	0.319245469978721	0.278658839781812	0.157613538691206	0.177055790858867	0.245351076452635	0.0653915012629221	72.2836950717853	0	1	-4.96062383656317e-06	0	0	0	21.4694780912563	42.4277749449631	95.7339496597892	0.379546629763263	0.289836945609854	0.235506011913737	0.118845850209657	0.0707281365997725	0.220356271147526	0.0911853292381341	67.7886456488734	0	1	-0.000767591507241128	0	0	0
17	finalLog_goTrials_model060_startVal017_started2016-02-02-T084608	SAM_goTrials_model060_startVal017_exit1_started2016-02-02-T084608	17	955.897984888139	00:42:47.24	1	26.3842800694634	37.485686613897	115.402358768682	0.40804408106637	0.384318960633224	0.321788001148374	0.11365383997483	0.216033840397291	0.287574091944969	0.08805606235209	55.0359491481206	0	1	-3.72264300782981e-05	0	0	0	35.1083699787147	41.2634911135173	98.613124177986	0.345682131413776	0.287061847875362	0.317564510724591	0.0617130311523593	0.217612432836698	0.377285348894545	0.0892860439819072	54.8398711646286	0	1	-0.000141693887011245	0	0	0
5	finalLog_goTrials_model060_startVal005_started2016-02-02-T084554	SAM_goTrials_model060_startVal005_exit1_started2016-02-02-T084554	5	962.786531083605	00:37:02.91	1	39.4839116179984	46.3619982507865	126.827150820447	0.482073407788799	0.442106468219606	0.400013439684847	0.198234764262766	0.301314784881073	0.360419409193735	0.0874818313722212	51.5321939272542	0	1	-0.000697793594490351	0	0	0	41.2997132128922	44.3600892294358	125.689012323017	0.536743006829425	0.445371944074405	0.3483834625166	0.154937570795229	0.245244010571486	0.360184894991494	0.0677640568822321	65.8992286418218	0	1	-0.000669234395493846	0	0	0
16	finalLog_goTrials_model060_startVal016_started2016-02-02-T084609	SAM_goTrials_model060_startVal016_exit1_started2016-02-02-T084609	16	972.14658858428	00:45:04.59	1	5.66969992008747	11.4222930652815	71.4630670452316	0.311210460140434	0.288834419019686	0.262418405854373	0.0968247070397726	0.185517983170179	0.222313710618317	0.0542419235094865	79.9973949219933	0	1	-0.00072098763189896	0	0	0	8.28051144367251	40.7497916591473	67.5274883688794	0.329383776576865	0.230291131730669	0.18989240710379	0.077175007026617	0.123965040178978	0.10210654326573	0.0879421641426555	74.2629978439784	0	1	-0.0013739758042558	0	0	0
14	finalLog_goTrials_model060_startVal014_started2016-02-02-T084608	SAM_goTrials_model060_startVal014_exit1_started2016-02-02-T084608	14	1014.12703724707	00:46:45.32	1	27.1024239422695	35.1222284810568	95.2840472353916	0.419293238663043	0.400939453062054	0.370879072802807	0.243939435348903	0.302872789427514	0.344575085220948	0.040712670552127	23.7255064969262	0	1	-0.00209325453223984	0	0	0	43.8120417664756	23.1124153562427	88.8892653330332	0.416264810424607	0.420906242482075	0.354000706631276	0.27574907324055	0.303466456890849	0.282672048021168	0.0255542414738172	28.7802069810402	0	1	-0.00219957727019016	0	0	0
2	finalLog_goTrials_model060_startVal002_started2016-02-02-T084557	SAM_goTrials_model060_startVal002_exit1_started2016-02-02-T084557	2	1019.38719400204	00:40:20.48	1	0.229041792007538	10.1137457382884	58.0639705052948	0.243263761561368	0.221444294351043	0.198843555925233	0.0782797902893003	0.13709650743604	0.172277670349915	0.0278424807568938	78.8832597118628	0	1	-0.00040511723041625	0	0	0	0.166312025251063	14.1953011197745	57.724164921289	0.238508610665808	0.267202231249909	0.170603420615087	0.117927823007078	0.103787722728007	0.159951517132655	0.0193715261777417	78.0328270485151	0	1	-0.00048225129877465	0	0	0
12	finalLog_goTrials_model060_startVal012_started2016-02-02-T084545	SAM_goTrials_model060_startVal012_exit1_started2016-02-02-T084545	12	1076.91533426927	00:46:51.51	1	29.0083081163976	39.3444248586243	94.2204468210776	0.356733938980986	0.343068314034238	0.300304278768537	0.165995039695458	0.226960572332427	0.270308373791262	0.0503838231753439	60.9381087293719	0	1	-0.000746526374362116	0	0	0	45.2955951624763	51.710253154196	85.6716847657824	0.373408897460347	0.369522273897836	0.322876647316534	0.0146342574479651	0.263074901193051	0.163915589910417	0.0681861009584617	64.19846974255	0	1	-0.00158794463277531	0	0	0
20	finalLog_goTrials_model060_startVal020_started2016-02-02-T084557	SAM_goTrials_model060_startVal020_exit1_started2016-02-02-T084557	20	1105.27563206006	00:42:55.15	1	1.78851769245399	2.45945486295289	70.3679109458509	0.293815013993027	0.270139159855944	0.239498123153943	0.0430473120385485	0.166744634693355	0.204820748973631	0.0559127885570715	51.5310069746383	0	1	-0.000512910343267714	0	0	0	6.95927551206625	0.625057245022601	65.1207706480843	0.238828431086594	0.205888912804709	0.191809965397038	0.030360787134059	0.256154117269108	0.211012027936065	0.0763381567580764	39.0500033494228	0	1	-0.00138775185627327	0	0	0
19	finalLog_goTrials_model060_startVal019_started2016-02-02-T084613	SAM_goTrials_model060_startVal019_exit1_started2016-02-02-T084613	19	1422.27090830627	00:49:38.03	1	43.2610154740182	51.0234701497735	102.426611276258	0.325508917680718	0.305255402033713	0.276599783363133	0.152450451645744	0.218674497637178	0.247977471456206	0.00752562059821059	16.3192739910853	0	1	-0.000591133571455081	0	0	0	36.6540759285951	54.6606137934638	88.8371580805414	0.311747245333981	0.382772221901952	0.251186292991617	0.0710139969678612	0.221598128657585	0.164375843523044	0.0932392103597944	4.39102960680581	0	1	-0.00189010418210802	0	0	0
